/*--------------------------------*- C++ -*----------------------------------*\
  =========                 |
  \\      /  F ield         | OpenFOAM: The Open Source CFD Toolbox
   \\    /   O peration     | Website:  https://openfoam.org
    \\  /    A nd           | Version:  6
     \\/     M anipulation  |
\*---------------------------------------------------------------------------*/
FoamFile
{
    version     2.0;
    format      ascii;
    class       faceList;
    location    "constant/polyMesh";
    object      faces;
}
// * * * * * * * * * * * * * * * * * * * * * * * * * * * * * * * * * * * * * //


4050
(
3(1 23 24)
4(21 22 24 23)
3(2 25 26)
4(23 24 26 25)
3(3 27 28)
4(25 26 28 27)
3(4 29 30)
4(27 28 30 29)
3(5 31 32)
4(29 30 32 31)
3(6 33 34)
4(31 32 34 33)
3(7 35 36)
4(33 34 36 35)
3(8 37 38)
4(35 36 38 37)
3(9 39 40)
4(37 38 40 39)
3(10 41 42)
4(39 40 42 41)
3(11 43 44)
4(41 42 44 43)
3(12 45 46)
4(43 44 46 45)
3(13 47 48)
4(45 46 48 47)
3(14 49 50)
4(47 48 50 49)
3(15 51 52)
4(49 50 52 51)
3(16 53 54)
4(51 52 54 53)
3(17 55 56)
4(53 54 56 55)
3(18 57 58)
4(55 56 58 57)
3(19 59 60)
4(57 58 60 59)
4(59 60 62 61)
4(23 65 66 24)
4(63 64 66 65)
4(25 67 68 26)
4(65 66 68 67)
4(27 69 70 28)
4(67 68 70 69)
4(29 71 72 30)
4(69 70 72 71)
4(31 73 74 32)
4(71 72 74 73)
4(33 75 76 34)
4(73 74 76 75)
4(35 77 78 36)
4(75 76 78 77)
4(37 79 80 38)
4(77 78 80 79)
4(39 81 82 40)
4(79 80 82 81)
4(41 83 84 42)
4(81 82 84 83)
4(43 85 86 44)
4(83 84 86 85)
4(45 87 88 46)
4(85 86 88 87)
4(47 89 90 48)
4(87 88 90 89)
4(49 91 92 50)
4(89 90 92 91)
4(51 93 94 52)
4(91 92 94 93)
4(53 95 96 54)
4(93 94 96 95)
4(55 97 98 56)
4(95 96 98 97)
4(57 99 100 58)
4(97 98 100 99)
4(59 101 102 60)
4(99 100 102 101)
4(101 102 104 103)
4(65 107 108 66)
4(105 106 108 107)
4(67 109 110 68)
4(107 108 110 109)
4(69 111 112 70)
4(109 110 112 111)
4(71 113 114 72)
4(111 112 114 113)
4(73 115 116 74)
4(113 114 116 115)
4(75 117 118 76)
4(115 116 118 117)
4(77 119 120 78)
4(117 118 120 119)
4(79 121 122 80)
4(119 120 122 121)
4(81 123 124 82)
4(121 122 124 123)
4(83 125 126 84)
4(123 124 126 125)
4(85 127 128 86)
4(125 126 128 127)
4(87 129 130 88)
4(127 128 130 129)
4(89 131 132 90)
4(129 130 132 131)
4(91 133 134 92)
4(131 132 134 133)
4(93 135 136 94)
4(133 134 136 135)
4(95 137 138 96)
4(135 136 138 137)
4(97 139 140 98)
4(137 138 140 139)
4(99 141 142 100)
4(139 140 142 141)
4(101 143 144 102)
4(141 142 144 143)
4(143 144 146 145)
4(107 149 150 108)
4(147 148 150 149)
4(109 151 152 110)
4(149 150 152 151)
4(111 153 154 112)
4(151 152 154 153)
4(113 155 156 114)
4(153 154 156 155)
4(115 157 158 116)
4(155 156 158 157)
4(117 159 160 118)
4(157 158 160 159)
4(119 161 162 120)
4(159 160 162 161)
4(121 163 164 122)
4(161 162 164 163)
4(123 165 166 124)
4(163 164 166 165)
4(125 167 168 126)
4(165 166 168 167)
4(127 169 170 128)
4(167 168 170 169)
4(129 171 172 130)
4(169 170 172 171)
4(131 173 174 132)
4(171 172 174 173)
4(133 175 176 134)
4(173 174 176 175)
4(135 177 178 136)
4(175 176 178 177)
4(137 179 180 138)
4(177 178 180 179)
4(139 181 182 140)
4(179 180 182 181)
4(141 183 184 142)
4(181 182 184 183)
4(143 185 186 144)
4(183 184 186 185)
4(185 186 188 187)
4(149 191 192 150)
4(189 190 192 191)
4(151 193 194 152)
4(191 192 194 193)
4(153 195 196 154)
4(193 194 196 195)
4(155 197 198 156)
4(195 196 198 197)
4(157 199 200 158)
4(197 198 200 199)
4(159 201 202 160)
4(199 200 202 201)
4(161 203 204 162)
4(201 202 204 203)
4(163 205 206 164)
4(203 204 206 205)
4(165 207 208 166)
4(205 206 208 207)
4(167 209 210 168)
4(207 208 210 209)
4(169 211 212 170)
4(209 210 212 211)
4(171 213 214 172)
4(211 212 214 213)
4(173 215 216 174)
4(213 214 216 215)
4(175 217 218 176)
4(215 216 218 217)
4(177 219 220 178)
4(217 218 220 219)
4(179 221 222 180)
4(219 220 222 221)
4(181 223 224 182)
4(221 222 224 223)
4(183 225 226 184)
4(223 224 226 225)
4(185 227 228 186)
4(225 226 228 227)
4(227 228 230 229)
4(191 233 234 192)
4(231 232 234 233)
4(193 235 236 194)
4(233 234 236 235)
4(195 237 238 196)
4(235 236 238 237)
4(197 239 240 198)
4(237 238 240 239)
4(199 241 242 200)
4(239 240 242 241)
4(201 243 244 202)
4(241 242 244 243)
4(203 245 246 204)
4(243 244 246 245)
4(205 247 248 206)
4(245 246 248 247)
4(207 249 250 208)
4(247 248 250 249)
4(209 251 252 210)
4(249 250 252 251)
4(211 253 254 212)
4(251 252 254 253)
4(213 255 256 214)
4(253 254 256 255)
4(215 257 258 216)
4(255 256 258 257)
4(217 259 260 218)
4(257 258 260 259)
4(219 261 262 220)
4(259 260 262 261)
4(221 263 264 222)
4(261 262 264 263)
4(223 265 266 224)
4(263 264 266 265)
4(225 267 268 226)
4(265 266 268 267)
4(227 269 270 228)
4(267 268 270 269)
4(269 270 272 271)
4(233 275 276 234)
4(273 274 276 275)
4(235 277 278 236)
4(275 276 278 277)
4(237 279 280 238)
4(277 278 280 279)
4(239 281 282 240)
4(279 280 282 281)
4(241 283 284 242)
4(281 282 284 283)
4(243 285 286 244)
4(283 284 286 285)
4(245 287 288 246)
4(285 286 288 287)
4(247 289 290 248)
4(287 288 290 289)
4(249 291 292 250)
4(289 290 292 291)
4(251 293 294 252)
4(291 292 294 293)
4(253 295 296 254)
4(293 294 296 295)
4(255 297 298 256)
4(295 296 298 297)
4(257 299 300 258)
4(297 298 300 299)
4(259 301 302 260)
4(299 300 302 301)
4(261 303 304 262)
4(301 302 304 303)
4(263 305 306 264)
4(303 304 306 305)
4(265 307 308 266)
4(305 306 308 307)
4(267 309 310 268)
4(307 308 310 309)
4(269 311 312 270)
4(309 310 312 311)
4(311 312 314 313)
4(275 317 318 276)
4(315 316 318 317)
4(277 319 320 278)
4(317 318 320 319)
4(279 321 322 280)
4(319 320 322 321)
4(281 323 324 282)
4(321 322 324 323)
4(283 325 326 284)
4(323 324 326 325)
4(285 327 328 286)
4(325 326 328 327)
4(287 329 330 288)
4(327 328 330 329)
4(289 331 332 290)
4(329 330 332 331)
4(291 333 334 292)
4(331 332 334 333)
4(293 335 336 294)
4(333 334 336 335)
4(295 337 338 296)
4(335 336 338 337)
4(297 339 340 298)
4(337 338 340 339)
4(299 341 342 300)
4(339 340 342 341)
4(301 343 344 302)
4(341 342 344 343)
4(303 345 346 304)
4(343 344 346 345)
4(305 347 348 306)
4(345 346 348 347)
4(307 349 350 308)
4(347 348 350 349)
4(309 351 352 310)
4(349 350 352 351)
4(311 353 354 312)
4(351 352 354 353)
4(353 354 356 355)
4(317 359 360 318)
4(357 358 360 359)
4(319 361 362 320)
4(359 360 362 361)
4(321 363 364 322)
4(361 362 364 363)
4(323 365 366 324)
4(363 364 366 365)
4(325 367 368 326)
4(365 366 368 367)
4(327 369 370 328)
4(367 368 370 369)
4(329 371 372 330)
4(369 370 372 371)
4(331 373 374 332)
4(371 372 374 373)
4(333 375 376 334)
4(373 374 376 375)
4(335 377 378 336)
4(375 376 378 377)
4(337 379 380 338)
4(377 378 380 379)
4(339 381 382 340)
4(379 380 382 381)
4(341 383 384 342)
4(381 382 384 383)
4(343 385 386 344)
4(383 384 386 385)
4(345 387 388 346)
4(385 386 388 387)
4(347 389 390 348)
4(387 388 390 389)
4(349 391 392 350)
4(389 390 392 391)
4(351 393 394 352)
4(391 392 394 393)
4(353 395 396 354)
4(393 394 396 395)
4(395 396 398 397)
4(359 401 402 360)
4(399 400 402 401)
4(361 403 404 362)
4(401 402 404 403)
4(363 405 406 364)
4(403 404 406 405)
4(365 407 408 366)
4(405 406 408 407)
4(367 409 410 368)
4(407 408 410 409)
4(369 411 412 370)
4(409 410 412 411)
4(371 413 414 372)
4(411 412 414 413)
4(373 415 416 374)
4(413 414 416 415)
4(375 417 418 376)
4(415 416 418 417)
4(377 419 420 378)
4(417 418 420 419)
4(379 421 422 380)
4(419 420 422 421)
4(381 423 424 382)
4(421 422 424 423)
4(383 425 426 384)
4(423 424 426 425)
4(385 427 428 386)
4(425 426 428 427)
4(387 429 430 388)
4(427 428 430 429)
4(389 431 432 390)
4(429 430 432 431)
4(391 433 434 392)
4(431 432 434 433)
4(393 435 436 394)
4(433 434 436 435)
4(395 437 438 396)
4(435 436 438 437)
4(437 438 440 439)
4(401 443 444 402)
4(441 442 444 443)
4(403 445 446 404)
4(443 444 446 445)
4(405 447 448 406)
4(445 446 448 447)
4(407 449 450 408)
4(447 448 450 449)
4(409 451 452 410)
4(449 450 452 451)
4(411 453 454 412)
4(451 452 454 453)
4(413 455 456 414)
4(453 454 456 455)
4(415 457 458 416)
4(455 456 458 457)
4(417 459 460 418)
4(457 458 460 459)
4(419 461 462 420)
4(459 460 462 461)
4(421 463 464 422)
4(461 462 464 463)
4(423 465 466 424)
4(463 464 466 465)
4(425 467 468 426)
4(465 466 468 467)
4(427 469 470 428)
4(467 468 470 469)
4(429 471 472 430)
4(469 470 472 471)
4(431 473 474 432)
4(471 472 474 473)
4(433 475 476 434)
4(473 474 476 475)
4(435 477 478 436)
4(475 476 478 477)
4(437 479 480 438)
4(477 478 480 479)
4(479 480 482 481)
4(443 485 486 444)
4(483 484 486 485)
4(445 487 488 446)
4(485 486 488 487)
4(447 489 490 448)
4(487 488 490 489)
4(449 491 492 450)
4(489 490 492 491)
4(451 493 494 452)
4(491 492 494 493)
4(453 495 496 454)
4(493 494 496 495)
4(455 497 498 456)
4(495 496 498 497)
4(457 499 500 458)
4(497 498 500 499)
4(459 501 502 460)
4(499 500 502 501)
4(461 503 504 462)
4(501 502 504 503)
4(463 505 506 464)
4(503 504 506 505)
4(465 507 508 466)
4(505 506 508 507)
4(467 509 510 468)
4(507 508 510 509)
4(469 511 512 470)
4(509 510 512 511)
4(471 513 514 472)
4(511 512 514 513)
4(473 515 516 474)
4(513 514 516 515)
4(475 517 518 476)
4(515 516 518 517)
4(477 519 520 478)
4(517 518 520 519)
4(479 521 522 480)
4(519 520 522 521)
4(521 522 524 523)
4(485 527 528 486)
4(525 526 528 527)
4(487 529 530 488)
4(527 528 530 529)
4(489 531 532 490)
4(529 530 532 531)
4(491 533 534 492)
4(531 532 534 533)
4(493 535 536 494)
4(533 534 536 535)
4(495 537 538 496)
4(535 536 538 537)
4(497 539 540 498)
4(537 538 540 539)
4(499 541 542 500)
4(539 540 542 541)
4(501 543 544 502)
4(541 542 544 543)
4(503 545 546 504)
4(543 544 546 545)
4(505 547 548 506)
4(545 546 548 547)
4(507 549 550 508)
4(547 548 550 549)
4(509 551 552 510)
4(549 550 552 551)
4(511 553 554 512)
4(551 552 554 553)
4(513 555 556 514)
4(553 554 556 555)
4(515 557 558 516)
4(555 556 558 557)
4(517 559 560 518)
4(557 558 560 559)
4(519 561 562 520)
4(559 560 562 561)
4(521 563 564 522)
4(561 562 564 563)
4(563 564 566 565)
4(527 569 570 528)
4(567 568 570 569)
4(529 571 572 530)
4(569 570 572 571)
4(531 573 574 532)
4(571 572 574 573)
4(533 575 576 534)
4(573 574 576 575)
4(535 577 578 536)
4(575 576 578 577)
4(537 579 580 538)
4(577 578 580 579)
4(539 581 582 540)
4(579 580 582 581)
4(541 583 584 542)
4(581 582 584 583)
4(543 585 586 544)
4(583 584 586 585)
4(545 587 588 546)
4(585 586 588 587)
4(547 589 590 548)
4(587 588 590 589)
4(549 591 592 550)
4(589 590 592 591)
4(551 593 594 552)
4(591 592 594 593)
4(553 595 596 554)
4(593 594 596 595)
4(555 597 598 556)
4(595 596 598 597)
4(557 599 600 558)
4(597 598 600 599)
4(559 601 602 560)
4(599 600 602 601)
4(561 603 604 562)
4(601 602 604 603)
4(563 605 606 564)
4(603 604 606 605)
4(605 606 608 607)
4(569 611 612 570)
4(609 610 612 611)
4(571 613 614 572)
4(611 612 614 613)
4(573 615 616 574)
4(613 614 616 615)
4(575 617 618 576)
4(615 616 618 617)
4(577 619 620 578)
4(617 618 620 619)
4(579 621 622 580)
4(619 620 622 621)
4(581 623 624 582)
4(621 622 624 623)
4(583 625 626 584)
4(623 624 626 625)
4(585 627 628 586)
4(625 626 628 627)
4(587 629 630 588)
4(627 628 630 629)
4(589 631 632 590)
4(629 630 632 631)
4(591 633 634 592)
4(631 632 634 633)
4(593 635 636 594)
4(633 634 636 635)
4(595 637 638 596)
4(635 636 638 637)
4(597 639 640 598)
4(637 638 640 639)
4(599 641 642 600)
4(639 640 642 641)
4(601 643 644 602)
4(641 642 644 643)
4(603 645 646 604)
4(643 644 646 645)
4(605 647 648 606)
4(645 646 648 647)
4(647 648 650 649)
4(611 653 654 612)
4(651 652 654 653)
4(613 655 656 614)
4(653 654 656 655)
4(615 657 658 616)
4(655 656 658 657)
4(617 659 660 618)
4(657 658 660 659)
4(619 661 662 620)
4(659 660 662 661)
4(621 663 664 622)
4(661 662 664 663)
4(623 665 666 624)
4(663 664 666 665)
4(625 667 668 626)
4(665 666 668 667)
4(627 669 670 628)
4(667 668 670 669)
4(629 671 672 630)
4(669 670 672 671)
4(631 673 674 632)
4(671 672 674 673)
4(633 675 676 634)
4(673 674 676 675)
4(635 677 678 636)
4(675 676 678 677)
4(637 679 680 638)
4(677 678 680 679)
4(639 681 682 640)
4(679 680 682 681)
4(641 683 684 642)
4(681 682 684 683)
4(643 685 686 644)
4(683 684 686 685)
4(645 687 688 646)
4(685 686 688 687)
4(647 689 690 648)
4(687 688 690 689)
4(689 690 692 691)
4(653 695 696 654)
4(693 694 696 695)
4(655 697 698 656)
4(695 696 698 697)
4(657 699 700 658)
4(697 698 700 699)
4(659 701 702 660)
4(699 700 702 701)
4(661 703 704 662)
4(701 702 704 703)
4(663 705 706 664)
4(703 704 706 705)
4(665 707 708 666)
4(705 706 708 707)
4(667 709 710 668)
4(707 708 710 709)
4(669 711 712 670)
4(709 710 712 711)
4(671 713 714 672)
4(711 712 714 713)
4(673 715 716 674)
4(713 714 716 715)
4(675 717 718 676)
4(715 716 718 717)
4(677 719 720 678)
4(717 718 720 719)
4(679 721 722 680)
4(719 720 722 721)
4(681 723 724 682)
4(721 722 724 723)
4(683 725 726 684)
4(723 724 726 725)
4(685 727 728 686)
4(725 726 728 727)
4(687 729 730 688)
4(727 728 730 729)
4(689 731 732 690)
4(729 730 732 731)
4(731 732 734 733)
4(695 737 738 696)
4(735 736 738 737)
4(697 739 740 698)
4(737 738 740 739)
4(699 741 742 700)
4(739 740 742 741)
4(701 743 744 702)
4(741 742 744 743)
4(703 745 746 704)
4(743 744 746 745)
4(705 747 748 706)
4(745 746 748 747)
4(707 749 750 708)
4(747 748 750 749)
4(709 751 752 710)
4(749 750 752 751)
4(711 753 754 712)
4(751 752 754 753)
4(713 755 756 714)
4(753 754 756 755)
4(715 757 758 716)
4(755 756 758 757)
4(717 759 760 718)
4(757 758 760 759)
4(719 761 762 720)
4(759 760 762 761)
4(721 763 764 722)
4(761 762 764 763)
4(723 765 766 724)
4(763 764 766 765)
4(725 767 768 726)
4(765 766 768 767)
4(727 769 770 728)
4(767 768 770 769)
4(729 771 772 730)
4(769 770 772 771)
4(731 773 774 732)
4(771 772 774 773)
4(773 774 776 775)
4(737 779 780 738)
4(777 778 780 779)
4(739 781 782 740)
4(779 780 782 781)
4(741 783 784 742)
4(781 782 784 783)
4(743 785 786 744)
4(783 784 786 785)
4(745 787 788 746)
4(785 786 788 787)
4(747 789 790 748)
4(787 788 790 789)
4(749 791 792 750)
4(789 790 792 791)
4(751 793 794 752)
4(791 792 794 793)
4(753 795 796 754)
4(793 794 796 795)
4(755 797 798 756)
4(795 796 798 797)
4(757 799 800 758)
4(797 798 800 799)
4(759 801 802 760)
4(799 800 802 801)
4(761 803 804 762)
4(801 802 804 803)
4(763 805 806 764)
4(803 804 806 805)
4(765 807 808 766)
4(805 806 808 807)
4(767 809 810 768)
4(807 808 810 809)
4(769 811 812 770)
4(809 810 812 811)
4(771 813 814 772)
4(811 812 814 813)
4(773 815 816 774)
4(813 814 816 815)
4(815 816 818 817)
4(779 821 822 780)
4(819 820 822 821)
4(781 823 824 782)
4(821 822 824 823)
4(783 825 826 784)
4(823 824 826 825)
4(785 827 828 786)
4(825 826 828 827)
4(787 829 830 788)
4(827 828 830 829)
4(789 831 832 790)
4(829 830 832 831)
4(791 833 834 792)
4(831 832 834 833)
4(793 835 836 794)
4(833 834 836 835)
4(795 837 838 796)
4(835 836 838 837)
4(797 839 840 798)
4(837 838 840 839)
4(799 841 842 800)
4(839 840 842 841)
4(801 843 844 802)
4(841 842 844 843)
4(803 845 846 804)
4(843 844 846 845)
4(805 847 848 806)
4(845 846 848 847)
4(807 849 850 808)
4(847 848 850 849)
4(809 851 852 810)
4(849 850 852 851)
4(811 853 854 812)
4(851 852 854 853)
4(813 855 856 814)
4(853 854 856 855)
4(815 857 858 816)
4(855 856 858 857)
4(857 858 860 859)
4(821 863 864 822)
4(861 862 864 863)
4(823 865 866 824)
4(863 864 866 865)
4(825 867 868 826)
4(865 866 868 867)
4(827 869 870 828)
4(867 868 870 869)
4(829 871 872 830)
4(869 870 872 871)
4(831 873 874 832)
4(871 872 874 873)
4(833 875 876 834)
4(873 874 876 875)
4(835 877 878 836)
4(875 876 878 877)
4(837 879 880 838)
4(877 878 880 879)
4(839 881 882 840)
4(879 880 882 881)
4(841 883 884 842)
4(881 882 884 883)
4(843 885 886 844)
4(883 884 886 885)
4(845 887 888 846)
4(885 886 888 887)
4(847 889 890 848)
4(887 888 890 889)
4(849 891 892 850)
4(889 890 892 891)
4(851 893 894 852)
4(891 892 894 893)
4(853 895 896 854)
4(893 894 896 895)
4(855 897 898 856)
4(895 896 898 897)
4(857 899 900 858)
4(897 898 900 899)
4(899 900 902 901)
4(863 905 906 864)
4(903 904 906 905)
4(865 907 908 866)
4(905 906 908 907)
4(867 909 910 868)
4(907 908 910 909)
4(869 911 912 870)
4(909 910 912 911)
4(871 913 914 872)
4(911 912 914 913)
4(873 915 916 874)
4(913 914 916 915)
4(875 917 918 876)
4(915 916 918 917)
4(877 919 920 878)
4(917 918 920 919)
4(879 921 922 880)
4(919 920 922 921)
4(881 923 924 882)
4(921 922 924 923)
4(883 925 926 884)
4(923 924 926 925)
4(885 927 928 886)
4(925 926 928 927)
4(887 929 930 888)
4(927 928 930 929)
4(889 931 932 890)
4(929 930 932 931)
4(891 933 934 892)
4(931 932 934 933)
4(893 935 936 894)
4(933 934 936 935)
4(895 937 938 896)
4(935 936 938 937)
4(897 939 940 898)
4(937 938 940 939)
4(899 941 942 900)
4(939 940 942 941)
4(941 942 944 943)
4(905 947 948 906)
4(945 946 948 947)
4(907 949 950 908)
4(947 948 950 949)
4(909 951 952 910)
4(949 950 952 951)
4(911 953 954 912)
4(951 952 954 953)
4(913 955 956 914)
4(953 954 956 955)
4(915 957 958 916)
4(955 956 958 957)
4(917 959 960 918)
4(957 958 960 959)
4(919 961 962 920)
4(959 960 962 961)
4(921 963 964 922)
4(961 962 964 963)
4(923 965 966 924)
4(963 964 966 965)
4(925 967 968 926)
4(965 966 968 967)
4(927 969 970 928)
4(967 968 970 969)
4(929 971 972 930)
4(969 970 972 971)
4(931 973 974 932)
4(971 972 974 973)
4(933 975 976 934)
4(973 974 976 975)
4(935 977 978 936)
4(975 976 978 977)
4(937 979 980 938)
4(977 978 980 979)
4(939 981 982 940)
4(979 980 982 981)
4(941 983 984 942)
4(981 982 984 983)
4(983 984 986 985)
4(947 989 990 948)
4(987 988 990 989)
4(949 991 992 950)
4(989 990 992 991)
4(951 993 994 952)
4(991 992 994 993)
4(953 995 996 954)
4(993 994 996 995)
4(955 997 998 956)
4(995 996 998 997)
4(957 999 1000 958)
4(997 998 1000 999)
4(959 1001 1002 960)
4(999 1000 1002 1001)
4(961 1003 1004 962)
4(1001 1002 1004 1003)
4(963 1005 1006 964)
4(1003 1004 1006 1005)
4(965 1007 1008 966)
4(1005 1006 1008 1007)
4(967 1009 1010 968)
4(1007 1008 1010 1009)
4(969 1011 1012 970)
4(1009 1010 1012 1011)
4(971 1013 1014 972)
4(1011 1012 1014 1013)
4(973 1015 1016 974)
4(1013 1014 1016 1015)
4(975 1017 1018 976)
4(1015 1016 1018 1017)
4(977 1019 1020 978)
4(1017 1018 1020 1019)
4(979 1021 1022 980)
4(1019 1020 1022 1021)
4(981 1023 1024 982)
4(1021 1022 1024 1023)
4(983 1025 1026 984)
4(1023 1024 1026 1025)
4(1025 1026 1028 1027)
4(989 1031 1032 990)
4(1029 1030 1032 1031)
4(991 1033 1034 992)
4(1031 1032 1034 1033)
4(993 1035 1036 994)
4(1033 1034 1036 1035)
4(995 1037 1038 996)
4(1035 1036 1038 1037)
4(997 1039 1040 998)
4(1037 1038 1040 1039)
4(999 1041 1042 1000)
4(1039 1040 1042 1041)
4(1001 1043 1044 1002)
4(1041 1042 1044 1043)
4(1003 1045 1046 1004)
4(1043 1044 1046 1045)
4(1005 1047 1048 1006)
4(1045 1046 1048 1047)
4(1007 1049 1050 1008)
4(1047 1048 1050 1049)
4(1009 1051 1052 1010)
4(1049 1050 1052 1051)
4(1011 1053 1054 1012)
4(1051 1052 1054 1053)
4(1013 1055 1056 1014)
4(1053 1054 1056 1055)
4(1015 1057 1058 1016)
4(1055 1056 1058 1057)
4(1017 1059 1060 1018)
4(1057 1058 1060 1059)
4(1019 1061 1062 1020)
4(1059 1060 1062 1061)
4(1021 1063 1064 1022)
4(1061 1062 1064 1063)
4(1023 1065 1066 1024)
4(1063 1064 1066 1065)
4(1025 1067 1068 1026)
4(1065 1066 1068 1067)
4(1067 1068 1070 1069)
4(1031 1073 1074 1032)
4(1071 1072 1074 1073)
4(1033 1075 1076 1034)
4(1073 1074 1076 1075)
4(1035 1077 1078 1036)
4(1075 1076 1078 1077)
4(1037 1079 1080 1038)
4(1077 1078 1080 1079)
4(1039 1081 1082 1040)
4(1079 1080 1082 1081)
4(1041 1083 1084 1042)
4(1081 1082 1084 1083)
4(1043 1085 1086 1044)
4(1083 1084 1086 1085)
4(1045 1087 1088 1046)
4(1085 1086 1088 1087)
4(1047 1089 1090 1048)
4(1087 1088 1090 1089)
4(1049 1091 1092 1050)
4(1089 1090 1092 1091)
4(1051 1093 1094 1052)
4(1091 1092 1094 1093)
4(1053 1095 1096 1054)
4(1093 1094 1096 1095)
4(1055 1097 1098 1056)
4(1095 1096 1098 1097)
4(1057 1099 1100 1058)
4(1097 1098 1100 1099)
4(1059 1101 1102 1060)
4(1099 1100 1102 1101)
4(1061 1103 1104 1062)
4(1101 1102 1104 1103)
4(1063 1105 1106 1064)
4(1103 1104 1106 1105)
4(1065 1107 1108 1066)
4(1105 1106 1108 1107)
4(1067 1109 1110 1068)
4(1107 1108 1110 1109)
4(1109 1110 1112 1111)
4(1073 1115 1116 1074)
4(1113 1114 1116 1115)
4(1075 1117 1118 1076)
4(1115 1116 1118 1117)
4(1077 1119 1120 1078)
4(1117 1118 1120 1119)
4(1079 1121 1122 1080)
4(1119 1120 1122 1121)
4(1081 1123 1124 1082)
4(1121 1122 1124 1123)
4(1083 1125 1126 1084)
4(1123 1124 1126 1125)
4(1085 1127 1128 1086)
4(1125 1126 1128 1127)
4(1087 1129 1130 1088)
4(1127 1128 1130 1129)
4(1089 1131 1132 1090)
4(1129 1130 1132 1131)
4(1091 1133 1134 1092)
4(1131 1132 1134 1133)
4(1093 1135 1136 1094)
4(1133 1134 1136 1135)
4(1095 1137 1138 1096)
4(1135 1136 1138 1137)
4(1097 1139 1140 1098)
4(1137 1138 1140 1139)
4(1099 1141 1142 1100)
4(1139 1140 1142 1141)
4(1101 1143 1144 1102)
4(1141 1142 1144 1143)
4(1103 1145 1146 1104)
4(1143 1144 1146 1145)
4(1105 1147 1148 1106)
4(1145 1146 1148 1147)
4(1107 1149 1150 1108)
4(1147 1148 1150 1149)
4(1109 1151 1152 1110)
4(1149 1150 1152 1151)
4(1151 1152 1154 1153)
4(1115 1157 1158 1116)
4(1155 1156 1158 1157)
4(1117 1159 1160 1118)
4(1157 1158 1160 1159)
4(1119 1161 1162 1120)
4(1159 1160 1162 1161)
4(1121 1163 1164 1122)
4(1161 1162 1164 1163)
4(1123 1165 1166 1124)
4(1163 1164 1166 1165)
4(1125 1167 1168 1126)
4(1165 1166 1168 1167)
4(1127 1169 1170 1128)
4(1167 1168 1170 1169)
4(1129 1171 1172 1130)
4(1169 1170 1172 1171)
4(1131 1173 1174 1132)
4(1171 1172 1174 1173)
4(1133 1175 1176 1134)
4(1173 1174 1176 1175)
4(1135 1177 1178 1136)
4(1175 1176 1178 1177)
4(1137 1179 1180 1138)
4(1177 1178 1180 1179)
4(1139 1181 1182 1140)
4(1179 1180 1182 1181)
4(1141 1183 1184 1142)
4(1181 1182 1184 1183)
4(1143 1185 1186 1144)
4(1183 1184 1186 1185)
4(1145 1187 1188 1146)
4(1185 1186 1188 1187)
4(1147 1189 1190 1148)
4(1187 1188 1190 1189)
4(1149 1191 1192 1150)
4(1189 1190 1192 1191)
4(1151 1193 1194 1152)
4(1191 1192 1194 1193)
4(1193 1194 1196 1195)
4(1157 1199 1200 1158)
4(1197 1198 1200 1199)
4(1159 1201 1202 1160)
4(1199 1200 1202 1201)
4(1161 1203 1204 1162)
4(1201 1202 1204 1203)
4(1163 1205 1206 1164)
4(1203 1204 1206 1205)
4(1165 1207 1208 1166)
4(1205 1206 1208 1207)
4(1167 1209 1210 1168)
4(1207 1208 1210 1209)
4(1169 1211 1212 1170)
4(1209 1210 1212 1211)
4(1171 1213 1214 1172)
4(1211 1212 1214 1213)
4(1173 1215 1216 1174)
4(1213 1214 1216 1215)
4(1175 1217 1218 1176)
4(1215 1216 1218 1217)
4(1177 1219 1220 1178)
4(1217 1218 1220 1219)
4(1179 1221 1222 1180)
4(1219 1220 1222 1221)
4(1181 1223 1224 1182)
4(1221 1222 1224 1223)
4(1183 1225 1226 1184)
4(1223 1224 1226 1225)
4(1185 1227 1228 1186)
4(1225 1226 1228 1227)
4(1187 1229 1230 1188)
4(1227 1228 1230 1229)
4(1189 1231 1232 1190)
4(1229 1230 1232 1231)
4(1191 1233 1234 1192)
4(1231 1232 1234 1233)
4(1193 1235 1236 1194)
4(1233 1234 1236 1235)
4(1235 1236 1238 1237)
4(1199 1241 1242 1200)
4(1239 1240 1242 1241)
4(1201 1243 1244 1202)
4(1241 1242 1244 1243)
4(1203 1245 1246 1204)
4(1243 1244 1246 1245)
4(1205 1247 1248 1206)
4(1245 1246 1248 1247)
4(1207 1249 1250 1208)
4(1247 1248 1250 1249)
4(1209 1251 1252 1210)
4(1249 1250 1252 1251)
4(1211 1253 1254 1212)
4(1251 1252 1254 1253)
4(1213 1255 1256 1214)
4(1253 1254 1256 1255)
4(1215 1257 1258 1216)
4(1255 1256 1258 1257)
4(1217 1259 1260 1218)
4(1257 1258 1260 1259)
4(1219 1261 1262 1220)
4(1259 1260 1262 1261)
4(1221 1263 1264 1222)
4(1261 1262 1264 1263)
4(1223 1265 1266 1224)
4(1263 1264 1266 1265)
4(1225 1267 1268 1226)
4(1265 1266 1268 1267)
4(1227 1269 1270 1228)
4(1267 1268 1270 1269)
4(1229 1271 1272 1230)
4(1269 1270 1272 1271)
4(1231 1273 1274 1232)
4(1271 1272 1274 1273)
4(1233 1275 1276 1234)
4(1273 1274 1276 1275)
4(1235 1277 1278 1236)
4(1275 1276 1278 1277)
4(1277 1278 1280 1279)
4(1241 1283 1284 1242)
4(1281 1282 1284 1283)
4(1243 1285 1286 1244)
4(1283 1284 1286 1285)
4(1245 1287 1288 1246)
4(1285 1286 1288 1287)
4(1247 1289 1290 1248)
4(1287 1288 1290 1289)
4(1249 1291 1292 1250)
4(1289 1290 1292 1291)
4(1251 1293 1294 1252)
4(1291 1292 1294 1293)
4(1253 1295 1296 1254)
4(1293 1294 1296 1295)
4(1255 1297 1298 1256)
4(1295 1296 1298 1297)
4(1257 1299 1300 1258)
4(1297 1298 1300 1299)
4(1259 1301 1302 1260)
4(1299 1300 1302 1301)
4(1261 1303 1304 1262)
4(1301 1302 1304 1303)
4(1263 1305 1306 1264)
4(1303 1304 1306 1305)
4(1265 1307 1308 1266)
4(1305 1306 1308 1307)
4(1267 1309 1310 1268)
4(1307 1308 1310 1309)
4(1269 1311 1312 1270)
4(1309 1310 1312 1311)
4(1271 1313 1314 1272)
4(1311 1312 1314 1313)
4(1273 1315 1316 1274)
4(1313 1314 1316 1315)
4(1275 1317 1318 1276)
4(1315 1316 1318 1317)
4(1277 1319 1320 1278)
4(1317 1318 1320 1319)
4(1319 1320 1322 1321)
4(1283 1325 1326 1284)
4(1323 1324 1326 1325)
4(1285 1327 1328 1286)
4(1325 1326 1328 1327)
4(1287 1329 1330 1288)
4(1327 1328 1330 1329)
4(1289 1331 1332 1290)
4(1329 1330 1332 1331)
4(1291 1333 1334 1292)
4(1331 1332 1334 1333)
4(1293 1335 1336 1294)
4(1333 1334 1336 1335)
4(1295 1337 1338 1296)
4(1335 1336 1338 1337)
4(1297 1339 1340 1298)
4(1337 1338 1340 1339)
4(1299 1341 1342 1300)
4(1339 1340 1342 1341)
4(1301 1343 1344 1302)
4(1341 1342 1344 1343)
4(1303 1345 1346 1304)
4(1343 1344 1346 1345)
4(1305 1347 1348 1306)
4(1345 1346 1348 1347)
4(1307 1349 1350 1308)
4(1347 1348 1350 1349)
4(1309 1351 1352 1310)
4(1349 1350 1352 1351)
4(1311 1353 1354 1312)
4(1351 1352 1354 1353)
4(1313 1355 1356 1314)
4(1353 1354 1356 1355)
4(1315 1357 1358 1316)
4(1355 1356 1358 1357)
4(1317 1359 1360 1318)
4(1357 1358 1360 1359)
4(1319 1361 1362 1320)
4(1359 1360 1362 1361)
4(1361 1362 1364 1363)
4(1325 1367 1368 1326)
4(1365 1366 1368 1367)
4(1327 1369 1370 1328)
4(1367 1368 1370 1369)
4(1329 1371 1372 1330)
4(1369 1370 1372 1371)
4(1331 1373 1374 1332)
4(1371 1372 1374 1373)
4(1333 1375 1376 1334)
4(1373 1374 1376 1375)
4(1335 1377 1378 1336)
4(1375 1376 1378 1377)
4(1337 1379 1380 1338)
4(1377 1378 1380 1379)
4(1339 1381 1382 1340)
4(1379 1380 1382 1381)
4(1341 1383 1384 1342)
4(1381 1382 1384 1383)
4(1343 1385 1386 1344)
4(1383 1384 1386 1385)
4(1345 1387 1388 1346)
4(1385 1386 1388 1387)
4(1347 1389 1390 1348)
4(1387 1388 1390 1389)
4(1349 1391 1392 1350)
4(1389 1390 1392 1391)
4(1351 1393 1394 1352)
4(1391 1392 1394 1393)
4(1353 1395 1396 1354)
4(1393 1394 1396 1395)
4(1355 1397 1398 1356)
4(1395 1396 1398 1397)
4(1357 1399 1400 1358)
4(1397 1398 1400 1399)
4(1359 1401 1402 1360)
4(1399 1400 1402 1401)
4(1361 1403 1404 1362)
4(1401 1402 1404 1403)
4(1403 1404 1406 1405)
4(1367 1409 1410 1368)
4(1407 1408 1410 1409)
4(1369 1411 1412 1370)
4(1409 1410 1412 1411)
4(1371 1413 1414 1372)
4(1411 1412 1414 1413)
4(1373 1415 1416 1374)
4(1413 1414 1416 1415)
4(1375 1417 1418 1376)
4(1415 1416 1418 1417)
4(1377 1419 1420 1378)
4(1417 1418 1420 1419)
4(1379 1421 1422 1380)
4(1419 1420 1422 1421)
4(1381 1423 1424 1382)
4(1421 1422 1424 1423)
4(1383 1425 1426 1384)
4(1423 1424 1426 1425)
4(1385 1427 1428 1386)
4(1425 1426 1428 1427)
4(1387 1429 1430 1388)
4(1427 1428 1430 1429)
4(1389 1431 1432 1390)
4(1429 1430 1432 1431)
4(1391 1433 1434 1392)
4(1431 1432 1434 1433)
4(1393 1435 1436 1394)
4(1433 1434 1436 1435)
4(1395 1437 1438 1396)
4(1435 1436 1438 1437)
4(1397 1439 1440 1398)
4(1437 1438 1440 1439)
4(1399 1441 1442 1400)
4(1439 1440 1442 1441)
4(1401 1443 1444 1402)
4(1441 1442 1444 1443)
4(1403 1445 1446 1404)
4(1443 1444 1446 1445)
4(1445 1446 1448 1447)
4(1409 1451 1452 1410)
4(1449 1450 1452 1451)
4(1411 1453 1454 1412)
4(1451 1452 1454 1453)
4(1413 1455 1456 1414)
4(1453 1454 1456 1455)
4(1415 1457 1458 1416)
4(1455 1456 1458 1457)
4(1417 1459 1460 1418)
4(1457 1458 1460 1459)
4(1419 1461 1462 1420)
4(1459 1460 1462 1461)
4(1421 1463 1464 1422)
4(1461 1462 1464 1463)
4(1423 1465 1466 1424)
4(1463 1464 1466 1465)
4(1425 1467 1468 1426)
4(1465 1466 1468 1467)
4(1427 1469 1470 1428)
4(1467 1468 1470 1469)
4(1429 1471 1472 1430)
4(1469 1470 1472 1471)
4(1431 1473 1474 1432)
4(1471 1472 1474 1473)
4(1433 1475 1476 1434)
4(1473 1474 1476 1475)
4(1435 1477 1478 1436)
4(1475 1476 1478 1477)
4(1437 1479 1480 1438)
4(1477 1478 1480 1479)
4(1439 1481 1482 1440)
4(1479 1480 1482 1481)
4(1441 1483 1484 1442)
4(1481 1482 1484 1483)
4(1443 1485 1486 1444)
4(1483 1484 1486 1485)
4(1445 1487 1488 1446)
4(1485 1486 1488 1487)
4(1487 1488 1490 1489)
4(1451 1493 1494 1452)
4(1491 1492 1494 1493)
4(1453 1495 1496 1454)
4(1493 1494 1496 1495)
4(1455 1497 1498 1456)
4(1495 1496 1498 1497)
4(1457 1499 1500 1458)
4(1497 1498 1500 1499)
4(1459 1501 1502 1460)
4(1499 1500 1502 1501)
4(1461 1503 1504 1462)
4(1501 1502 1504 1503)
4(1463 1505 1506 1464)
4(1503 1504 1506 1505)
4(1465 1507 1508 1466)
4(1505 1506 1508 1507)
4(1467 1509 1510 1468)
4(1507 1508 1510 1509)
4(1469 1511 1512 1470)
4(1509 1510 1512 1511)
4(1471 1513 1514 1472)
4(1511 1512 1514 1513)
4(1473 1515 1516 1474)
4(1513 1514 1516 1515)
4(1475 1517 1518 1476)
4(1515 1516 1518 1517)
4(1477 1519 1520 1478)
4(1517 1518 1520 1519)
4(1479 1521 1522 1480)
4(1519 1520 1522 1521)
4(1481 1523 1524 1482)
4(1521 1522 1524 1523)
4(1483 1525 1526 1484)
4(1523 1524 1526 1525)
4(1485 1527 1528 1486)
4(1525 1526 1528 1527)
4(1487 1529 1530 1488)
4(1527 1528 1530 1529)
4(1529 1530 1532 1531)
4(1493 1535 1536 1494)
4(1533 1534 1536 1535)
4(1495 1537 1538 1496)
4(1535 1536 1538 1537)
4(1497 1539 1540 1498)
4(1537 1538 1540 1539)
4(1499 1541 1542 1500)
4(1539 1540 1542 1541)
4(1501 1543 1544 1502)
4(1541 1542 1544 1543)
4(1503 1545 1546 1504)
4(1543 1544 1546 1545)
4(1505 1547 1548 1506)
4(1545 1546 1548 1547)
4(1507 1549 1550 1508)
4(1547 1548 1550 1549)
4(1509 1551 1552 1510)
4(1549 1550 1552 1551)
4(1511 1553 1554 1512)
4(1551 1552 1554 1553)
4(1513 1555 1556 1514)
4(1553 1554 1556 1555)
4(1515 1557 1558 1516)
4(1555 1556 1558 1557)
4(1517 1559 1560 1518)
4(1557 1558 1560 1559)
4(1519 1561 1562 1520)
4(1559 1560 1562 1561)
4(1521 1563 1564 1522)
4(1561 1562 1564 1563)
4(1523 1565 1566 1524)
4(1563 1564 1566 1565)
4(1525 1567 1568 1526)
4(1565 1566 1568 1567)
4(1527 1569 1570 1528)
4(1567 1568 1570 1569)
4(1529 1571 1572 1530)
4(1569 1570 1572 1571)
4(1571 1572 1574 1573)
4(1535 1577 1578 1536)
4(1575 1576 1578 1577)
4(1537 1579 1580 1538)
4(1577 1578 1580 1579)
4(1539 1581 1582 1540)
4(1579 1580 1582 1581)
4(1541 1583 1584 1542)
4(1581 1582 1584 1583)
4(1543 1585 1586 1544)
4(1583 1584 1586 1585)
4(1545 1587 1588 1546)
4(1585 1586 1588 1587)
4(1547 1589 1590 1548)
4(1587 1588 1590 1589)
4(1549 1591 1592 1550)
4(1589 1590 1592 1591)
4(1551 1593 1594 1552)
4(1591 1592 1594 1593)
4(1553 1595 1596 1554)
4(1593 1594 1596 1595)
4(1555 1597 1598 1556)
4(1595 1596 1598 1597)
4(1557 1599 1600 1558)
4(1597 1598 1600 1599)
4(1559 1601 1602 1560)
4(1599 1600 1602 1601)
4(1561 1603 1604 1562)
4(1601 1602 1604 1603)
4(1563 1605 1606 1564)
4(1603 1604 1606 1605)
4(1565 1607 1608 1566)
4(1605 1606 1608 1607)
4(1567 1609 1610 1568)
4(1607 1608 1610 1609)
4(1569 1611 1612 1570)
4(1609 1610 1612 1611)
4(1571 1613 1614 1572)
4(1611 1612 1614 1613)
4(1613 1614 1616 1615)
4(1577 1619 1620 1578)
4(1617 1618 1620 1619)
4(1579 1621 1622 1580)
4(1619 1620 1622 1621)
4(1581 1623 1624 1582)
4(1621 1622 1624 1623)
4(1583 1625 1626 1584)
4(1623 1624 1626 1625)
4(1585 1627 1628 1586)
4(1625 1626 1628 1627)
4(1587 1629 1630 1588)
4(1627 1628 1630 1629)
4(1589 1631 1632 1590)
4(1629 1630 1632 1631)
4(1591 1633 1634 1592)
4(1631 1632 1634 1633)
4(1593 1635 1636 1594)
4(1633 1634 1636 1635)
4(1595 1637 1638 1596)
4(1635 1636 1638 1637)
4(1597 1639 1640 1598)
4(1637 1638 1640 1639)
4(1599 1641 1642 1600)
4(1639 1640 1642 1641)
4(1601 1643 1644 1602)
4(1641 1642 1644 1643)
4(1603 1645 1646 1604)
4(1643 1644 1646 1645)
4(1605 1647 1648 1606)
4(1645 1646 1648 1647)
4(1607 1649 1650 1608)
4(1647 1648 1650 1649)
4(1609 1651 1652 1610)
4(1649 1650 1652 1651)
4(1611 1653 1654 1612)
4(1651 1652 1654 1653)
4(1613 1655 1656 1614)
4(1653 1654 1656 1655)
4(1655 1656 1658 1657)
4(1619 1661 1662 1620)
4(1659 1660 1662 1661)
4(1621 1663 1664 1622)
4(1661 1662 1664 1663)
4(1623 1665 1666 1624)
4(1663 1664 1666 1665)
4(1625 1667 1668 1626)
4(1665 1666 1668 1667)
4(1627 1669 1670 1628)
4(1667 1668 1670 1669)
4(1629 1671 1672 1630)
4(1669 1670 1672 1671)
4(1631 1673 1674 1632)
4(1671 1672 1674 1673)
4(1633 1675 1676 1634)
4(1673 1674 1676 1675)
4(1635 1677 1678 1636)
4(1675 1676 1678 1677)
4(1637 1679 1680 1638)
4(1677 1678 1680 1679)
4(1639 1681 1682 1640)
4(1679 1680 1682 1681)
4(1641 1683 1684 1642)
4(1681 1682 1684 1683)
4(1643 1685 1686 1644)
4(1683 1684 1686 1685)
4(1645 1687 1688 1646)
4(1685 1686 1688 1687)
4(1647 1689 1690 1648)
4(1687 1688 1690 1689)
4(1649 1691 1692 1650)
4(1689 1690 1692 1691)
4(1651 1693 1694 1652)
4(1691 1692 1694 1693)
4(1653 1695 1696 1654)
4(1693 1694 1696 1695)
4(1655 1697 1698 1656)
4(1695 1696 1698 1697)
4(1697 1698 1700 1699)
4(1661 1703 1704 1662)
4(1701 1702 1704 1703)
4(1663 1705 1706 1664)
4(1703 1704 1706 1705)
4(1665 1707 1708 1666)
4(1705 1706 1708 1707)
4(1667 1709 1710 1668)
4(1707 1708 1710 1709)
4(1669 1711 1712 1670)
4(1709 1710 1712 1711)
4(1671 1713 1714 1672)
4(1711 1712 1714 1713)
4(1673 1715 1716 1674)
4(1713 1714 1716 1715)
4(1675 1717 1718 1676)
4(1715 1716 1718 1717)
4(1677 1719 1720 1678)
4(1717 1718 1720 1719)
4(1679 1721 1722 1680)
4(1719 1720 1722 1721)
4(1681 1723 1724 1682)
4(1721 1722 1724 1723)
4(1683 1725 1726 1684)
4(1723 1724 1726 1725)
4(1685 1727 1728 1686)
4(1725 1726 1728 1727)
4(1687 1729 1730 1688)
4(1727 1728 1730 1729)
4(1689 1731 1732 1690)
4(1729 1730 1732 1731)
4(1691 1733 1734 1692)
4(1731 1732 1734 1733)
4(1693 1735 1736 1694)
4(1733 1734 1736 1735)
4(1695 1737 1738 1696)
4(1735 1736 1738 1737)
4(1697 1739 1740 1698)
4(1737 1738 1740 1739)
4(1739 1740 1742 1741)
4(1703 1745 1746 1704)
4(1743 1744 1746 1745)
4(1705 1747 1748 1706)
4(1745 1746 1748 1747)
4(1707 1749 1750 1708)
4(1747 1748 1750 1749)
4(1709 1751 1752 1710)
4(1749 1750 1752 1751)
4(1711 1753 1754 1712)
4(1751 1752 1754 1753)
4(1713 1755 1756 1714)
4(1753 1754 1756 1755)
4(1715 1757 1758 1716)
4(1755 1756 1758 1757)
4(1717 1759 1760 1718)
4(1757 1758 1760 1759)
4(1719 1761 1762 1720)
4(1759 1760 1762 1761)
4(1721 1763 1764 1722)
4(1761 1762 1764 1763)
4(1723 1765 1766 1724)
4(1763 1764 1766 1765)
4(1725 1767 1768 1726)
4(1765 1766 1768 1767)
4(1727 1769 1770 1728)
4(1767 1768 1770 1769)
4(1729 1771 1772 1730)
4(1769 1770 1772 1771)
4(1731 1773 1774 1732)
4(1771 1772 1774 1773)
4(1733 1775 1776 1734)
4(1773 1774 1776 1775)
4(1735 1777 1778 1736)
4(1775 1776 1778 1777)
4(1737 1779 1780 1738)
4(1777 1778 1780 1779)
4(1739 1781 1782 1740)
4(1779 1780 1782 1781)
4(1781 1782 1784 1783)
4(1745 1787 1788 1746)
4(1785 1786 1788 1787)
4(1747 1789 1790 1748)
4(1787 1788 1790 1789)
4(1749 1791 1792 1750)
4(1789 1790 1792 1791)
4(1751 1793 1794 1752)
4(1791 1792 1794 1793)
4(1753 1795 1796 1754)
4(1793 1794 1796 1795)
4(1755 1797 1798 1756)
4(1795 1796 1798 1797)
4(1757 1799 1800 1758)
4(1797 1798 1800 1799)
4(1759 1801 1802 1760)
4(1799 1800 1802 1801)
4(1761 1803 1804 1762)
4(1801 1802 1804 1803)
4(1763 1805 1806 1764)
4(1803 1804 1806 1805)
4(1765 1807 1808 1766)
4(1805 1806 1808 1807)
4(1767 1809 1810 1768)
4(1807 1808 1810 1809)
4(1769 1811 1812 1770)
4(1809 1810 1812 1811)
4(1771 1813 1814 1772)
4(1811 1812 1814 1813)
4(1773 1815 1816 1774)
4(1813 1814 1816 1815)
4(1775 1817 1818 1776)
4(1815 1816 1818 1817)
4(1777 1819 1820 1778)
4(1817 1818 1820 1819)
4(1779 1821 1822 1780)
4(1819 1820 1822 1821)
4(1781 1823 1824 1782)
4(1821 1822 1824 1823)
4(1823 1824 1826 1825)
4(1787 1829 1830 1788)
4(1827 1828 1830 1829)
4(1789 1831 1832 1790)
4(1829 1830 1832 1831)
4(1791 1833 1834 1792)
4(1831 1832 1834 1833)
4(1793 1835 1836 1794)
4(1833 1834 1836 1835)
4(1795 1837 1838 1796)
4(1835 1836 1838 1837)
4(1797 1839 1840 1798)
4(1837 1838 1840 1839)
4(1799 1841 1842 1800)
4(1839 1840 1842 1841)
4(1801 1843 1844 1802)
4(1841 1842 1844 1843)
4(1803 1845 1846 1804)
4(1843 1844 1846 1845)
4(1805 1847 1848 1806)
4(1845 1846 1848 1847)
4(1807 1849 1850 1808)
4(1847 1848 1850 1849)
4(1809 1851 1852 1810)
4(1849 1850 1852 1851)
4(1811 1853 1854 1812)
4(1851 1852 1854 1853)
4(1813 1855 1856 1814)
4(1853 1854 1856 1855)
4(1815 1857 1858 1816)
4(1855 1856 1858 1857)
4(1817 1859 1860 1818)
4(1857 1858 1860 1859)
4(1819 1861 1862 1820)
4(1859 1860 1862 1861)
4(1821 1863 1864 1822)
4(1861 1862 1864 1863)
4(1823 1865 1866 1824)
4(1863 1864 1866 1865)
4(1865 1866 1868 1867)
4(1829 1871 1872 1830)
4(1869 1870 1872 1871)
4(1831 1873 1874 1832)
4(1871 1872 1874 1873)
4(1833 1875 1876 1834)
4(1873 1874 1876 1875)
4(1835 1877 1878 1836)
4(1875 1876 1878 1877)
4(1837 1879 1880 1838)
4(1877 1878 1880 1879)
4(1839 1881 1882 1840)
4(1879 1880 1882 1881)
4(1841 1883 1884 1842)
4(1881 1882 1884 1883)
4(1843 1885 1886 1844)
4(1883 1884 1886 1885)
4(1845 1887 1888 1846)
4(1885 1886 1888 1887)
4(1847 1889 1890 1848)
4(1887 1888 1890 1889)
4(1849 1891 1892 1850)
4(1889 1890 1892 1891)
4(1851 1893 1894 1852)
4(1891 1892 1894 1893)
4(1853 1895 1896 1854)
4(1893 1894 1896 1895)
4(1855 1897 1898 1856)
4(1895 1896 1898 1897)
4(1857 1899 1900 1858)
4(1897 1898 1900 1899)
4(1859 1901 1902 1860)
4(1899 1900 1902 1901)
4(1861 1903 1904 1862)
4(1901 1902 1904 1903)
4(1863 1905 1906 1864)
4(1903 1904 1906 1905)
4(1865 1907 1908 1866)
4(1905 1906 1908 1907)
4(1907 1908 1910 1909)
4(1871 1913 1914 1872)
4(1911 1912 1914 1913)
4(1873 1915 1916 1874)
4(1913 1914 1916 1915)
4(1875 1917 1918 1876)
4(1915 1916 1918 1917)
4(1877 1919 1920 1878)
4(1917 1918 1920 1919)
4(1879 1921 1922 1880)
4(1919 1920 1922 1921)
4(1881 1923 1924 1882)
4(1921 1922 1924 1923)
4(1883 1925 1926 1884)
4(1923 1924 1926 1925)
4(1885 1927 1928 1886)
4(1925 1926 1928 1927)
4(1887 1929 1930 1888)
4(1927 1928 1930 1929)
4(1889 1931 1932 1890)
4(1929 1930 1932 1931)
4(1891 1933 1934 1892)
4(1931 1932 1934 1933)
4(1893 1935 1936 1894)
4(1933 1934 1936 1935)
4(1895 1937 1938 1896)
4(1935 1936 1938 1937)
4(1897 1939 1940 1898)
4(1937 1938 1940 1939)
4(1899 1941 1942 1900)
4(1939 1940 1942 1941)
4(1901 1943 1944 1902)
4(1941 1942 1944 1943)
4(1903 1945 1946 1904)
4(1943 1944 1946 1945)
4(1905 1947 1948 1906)
4(1945 1946 1948 1947)
4(1907 1949 1950 1908)
4(1947 1948 1950 1949)
4(1949 1950 1952 1951)
4(1913 1955 1956 1914)
4(1953 1954 1956 1955)
4(1915 1957 1958 1916)
4(1955 1956 1958 1957)
4(1917 1959 1960 1918)
4(1957 1958 1960 1959)
4(1919 1961 1962 1920)
4(1959 1960 1962 1961)
4(1921 1963 1964 1922)
4(1961 1962 1964 1963)
4(1923 1965 1966 1924)
4(1963 1964 1966 1965)
4(1925 1967 1968 1926)
4(1965 1966 1968 1967)
4(1927 1969 1970 1928)
4(1967 1968 1970 1969)
4(1929 1971 1972 1930)
4(1969 1970 1972 1971)
4(1931 1973 1974 1932)
4(1971 1972 1974 1973)
4(1933 1975 1976 1934)
4(1973 1974 1976 1975)
4(1935 1977 1978 1936)
4(1975 1976 1978 1977)
4(1937 1979 1980 1938)
4(1977 1978 1980 1979)
4(1939 1981 1982 1940)
4(1979 1980 1982 1981)
4(1941 1983 1984 1942)
4(1981 1982 1984 1983)
4(1943 1985 1986 1944)
4(1983 1984 1986 1985)
4(1945 1987 1988 1946)
4(1985 1986 1988 1987)
4(1947 1989 1990 1948)
4(1987 1988 1990 1989)
4(1949 1991 1992 1950)
4(1989 1990 1992 1991)
4(1991 1992 1994 1993)
4(1955 1997 1998 1956)
4(1995 1996 1998 1997)
4(1957 1999 2000 1958)
4(1997 1998 2000 1999)
4(1959 2001 2002 1960)
4(1999 2000 2002 2001)
4(1961 2003 2004 1962)
4(2001 2002 2004 2003)
4(1963 2005 2006 1964)
4(2003 2004 2006 2005)
4(1965 2007 2008 1966)
4(2005 2006 2008 2007)
4(1967 2009 2010 1968)
4(2007 2008 2010 2009)
4(1969 2011 2012 1970)
4(2009 2010 2012 2011)
4(1971 2013 2014 1972)
4(2011 2012 2014 2013)
4(1973 2015 2016 1974)
4(2013 2014 2016 2015)
4(1975 2017 2018 1976)
4(2015 2016 2018 2017)
4(1977 2019 2020 1978)
4(2017 2018 2020 2019)
4(1979 2021 2022 1980)
4(2019 2020 2022 2021)
4(1981 2023 2024 1982)
4(2021 2022 2024 2023)
4(1983 2025 2026 1984)
4(2023 2024 2026 2025)
4(1985 2027 2028 1986)
4(2025 2026 2028 2027)
4(1987 2029 2030 1988)
4(2027 2028 2030 2029)
4(1989 2031 2032 1990)
4(2029 2030 2032 2031)
4(1991 2033 2034 1992)
4(2031 2032 2034 2033)
4(2033 2034 2036 2035)
4(1997 2039 2040 1998)
4(2037 2038 2040 2039)
4(1999 2041 2042 2000)
4(2039 2040 2042 2041)
4(2001 2043 2044 2002)
4(2041 2042 2044 2043)
4(2003 2045 2046 2004)
4(2043 2044 2046 2045)
4(2005 2047 2048 2006)
4(2045 2046 2048 2047)
4(2007 2049 2050 2008)
4(2047 2048 2050 2049)
4(2009 2051 2052 2010)
4(2049 2050 2052 2051)
4(2011 2053 2054 2012)
4(2051 2052 2054 2053)
4(2013 2055 2056 2014)
4(2053 2054 2056 2055)
4(2015 2057 2058 2016)
4(2055 2056 2058 2057)
4(2017 2059 2060 2018)
4(2057 2058 2060 2059)
4(2019 2061 2062 2020)
4(2059 2060 2062 2061)
4(2021 2063 2064 2022)
4(2061 2062 2064 2063)
4(2023 2065 2066 2024)
4(2063 2064 2066 2065)
4(2025 2067 2068 2026)
4(2065 2066 2068 2067)
4(2027 2069 2070 2028)
4(2067 2068 2070 2069)
4(2029 2071 2072 2030)
4(2069 2070 2072 2071)
4(2031 2073 2074 2032)
4(2071 2072 2074 2073)
4(2033 2075 2076 2034)
4(2073 2074 2076 2075)
4(2075 2076 2078 2077)
4(2039 2081 2082 2040)
4(2041 2083 2084 2042)
4(2043 2085 2086 2044)
4(2045 2087 2088 2046)
4(2047 2089 2090 2048)
4(2049 2091 2092 2050)
4(2051 2093 2094 2052)
4(2053 2095 2096 2054)
4(2055 2097 2098 2056)
4(2057 2099 2100 2058)
4(2059 2101 2102 2060)
4(2061 2103 2104 2062)
4(2063 2105 2106 2064)
4(2065 2107 2108 2066)
4(2067 2109 2110 2068)
4(2069 2111 2112 2070)
4(2071 2113 2114 2072)
4(2073 2115 2116 2074)
4(2075 2117 2118 2076)
3(0 22 21)
4(21 22 64 63)
4(63 64 106 105)
4(105 106 148 147)
4(147 148 190 189)
4(189 190 232 231)
4(231 232 274 273)
4(273 274 316 315)
4(315 316 358 357)
4(357 358 400 399)
4(399 400 442 441)
4(441 442 484 483)
4(483 484 526 525)
4(525 526 568 567)
4(567 568 610 609)
4(609 610 652 651)
4(651 652 694 693)
4(693 694 736 735)
4(735 736 778 777)
4(777 778 820 819)
4(819 820 862 861)
4(861 862 904 903)
4(903 904 946 945)
4(945 946 988 987)
4(987 988 1030 1029)
4(1029 1030 1072 1071)
4(1071 1072 1114 1113)
4(1113 1114 1156 1155)
4(1155 1156 1198 1197)
4(1197 1198 1240 1239)
4(1239 1240 1282 1281)
4(1281 1282 1324 1323)
4(1323 1324 1366 1365)
4(1365 1366 1408 1407)
4(1407 1408 1450 1449)
4(1449 1450 1492 1491)
4(1491 1492 1534 1533)
4(1533 1534 1576 1575)
4(1575 1576 1618 1617)
4(1617 1618 1660 1659)
4(1659 1660 1702 1701)
4(1701 1702 1744 1743)
4(1743 1744 1786 1785)
4(1785 1786 1828 1827)
4(1827 1828 1870 1869)
4(1869 1870 1912 1911)
4(1911 1912 1954 1953)
4(1953 1954 1996 1995)
4(1995 1996 2038 2037)
4(2037 2038 2080 2079)
3(20 61 62)
4(61 103 104 62)
4(103 145 146 104)
4(145 187 188 146)
4(187 229 230 188)
4(229 271 272 230)
4(271 313 314 272)
4(313 355 356 314)
4(355 397 398 356)
4(397 439 440 398)
4(439 481 482 440)
4(481 523 524 482)
4(523 565 566 524)
4(565 607 608 566)
4(607 649 650 608)
4(649 691 692 650)
4(691 733 734 692)
4(733 775 776 734)
4(775 817 818 776)
4(817 859 860 818)
4(859 901 902 860)
4(901 943 944 902)
4(943 985 986 944)
4(985 1027 1028 986)
4(1027 1069 1070 1028)
4(1069 1111 1112 1070)
4(1111 1153 1154 1112)
4(1153 1195 1196 1154)
4(1195 1237 1238 1196)
4(1237 1279 1280 1238)
4(1279 1321 1322 1280)
4(1321 1363 1364 1322)
4(1363 1405 1406 1364)
4(1405 1447 1448 1406)
4(1447 1489 1490 1448)
4(1489 1531 1532 1490)
4(1531 1573 1574 1532)
4(1573 1615 1616 1574)
4(1615 1657 1658 1616)
4(1657 1699 1700 1658)
4(1699 1741 1742 1700)
4(1741 1783 1784 1742)
4(1783 1825 1826 1784)
4(1825 1867 1868 1826)
4(1867 1909 1910 1868)
4(1909 1951 1952 1910)
4(1951 1993 1994 1952)
4(1993 2035 2036 1994)
4(2035 2077 2078 2036)
4(2077 2119 2120 2078)
4(2079 2080 2082 2081)
4(2081 2082 2084 2083)
4(2083 2084 2086 2085)
4(2085 2086 2088 2087)
4(2087 2088 2090 2089)
4(2089 2090 2092 2091)
4(2091 2092 2094 2093)
4(2093 2094 2096 2095)
4(2095 2096 2098 2097)
4(2097 2098 2100 2099)
4(2099 2100 2102 2101)
4(2101 2102 2104 2103)
4(2103 2104 2106 2105)
4(2105 2106 2108 2107)
4(2107 2108 2110 2109)
4(2109 2110 2112 2111)
4(2111 2112 2114 2113)
4(2113 2114 2116 2115)
4(2115 2116 2118 2117)
4(2117 2118 2120 2119)
4(0 1 24 22)
4(1 2 26 24)
4(2 3 28 26)
4(3 4 30 28)
4(4 5 32 30)
4(5 6 34 32)
4(6 7 36 34)
4(7 8 38 36)
4(8 9 40 38)
4(9 10 42 40)
4(10 11 44 42)
4(11 12 46 44)
4(12 13 48 46)
4(13 14 50 48)
4(14 15 52 50)
4(15 16 54 52)
4(16 17 56 54)
4(17 18 58 56)
4(18 19 60 58)
4(19 20 62 60)
4(22 24 66 64)
4(24 26 68 66)
4(26 28 70 68)
4(28 30 72 70)
4(30 32 74 72)
4(32 34 76 74)
4(34 36 78 76)
4(36 38 80 78)
4(38 40 82 80)
4(40 42 84 82)
4(42 44 86 84)
4(44 46 88 86)
4(46 48 90 88)
4(48 50 92 90)
4(50 52 94 92)
4(52 54 96 94)
4(54 56 98 96)
4(56 58 100 98)
4(58 60 102 100)
4(60 62 104 102)
4(64 66 108 106)
4(66 68 110 108)
4(68 70 112 110)
4(70 72 114 112)
4(72 74 116 114)
4(74 76 118 116)
4(76 78 120 118)
4(78 80 122 120)
4(80 82 124 122)
4(82 84 126 124)
4(84 86 128 126)
4(86 88 130 128)
4(88 90 132 130)
4(90 92 134 132)
4(92 94 136 134)
4(94 96 138 136)
4(96 98 140 138)
4(98 100 142 140)
4(100 102 144 142)
4(102 104 146 144)
4(106 108 150 148)
4(108 110 152 150)
4(110 112 154 152)
4(112 114 156 154)
4(114 116 158 156)
4(116 118 160 158)
4(118 120 162 160)
4(120 122 164 162)
4(122 124 166 164)
4(124 126 168 166)
4(126 128 170 168)
4(128 130 172 170)
4(130 132 174 172)
4(132 134 176 174)
4(134 136 178 176)
4(136 138 180 178)
4(138 140 182 180)
4(140 142 184 182)
4(142 144 186 184)
4(144 146 188 186)
4(148 150 192 190)
4(150 152 194 192)
4(152 154 196 194)
4(154 156 198 196)
4(156 158 200 198)
4(158 160 202 200)
4(160 162 204 202)
4(162 164 206 204)
4(164 166 208 206)
4(166 168 210 208)
4(168 170 212 210)
4(170 172 214 212)
4(172 174 216 214)
4(174 176 218 216)
4(176 178 220 218)
4(178 180 222 220)
4(180 182 224 222)
4(182 184 226 224)
4(184 186 228 226)
4(186 188 230 228)
4(190 192 234 232)
4(192 194 236 234)
4(194 196 238 236)
4(196 198 240 238)
4(198 200 242 240)
4(200 202 244 242)
4(202 204 246 244)
4(204 206 248 246)
4(206 208 250 248)
4(208 210 252 250)
4(210 212 254 252)
4(212 214 256 254)
4(214 216 258 256)
4(216 218 260 258)
4(218 220 262 260)
4(220 222 264 262)
4(222 224 266 264)
4(224 226 268 266)
4(226 228 270 268)
4(228 230 272 270)
4(232 234 276 274)
4(234 236 278 276)
4(236 238 280 278)
4(238 240 282 280)
4(240 242 284 282)
4(242 244 286 284)
4(244 246 288 286)
4(246 248 290 288)
4(248 250 292 290)
4(250 252 294 292)
4(252 254 296 294)
4(254 256 298 296)
4(256 258 300 298)
4(258 260 302 300)
4(260 262 304 302)
4(262 264 306 304)
4(264 266 308 306)
4(266 268 310 308)
4(268 270 312 310)
4(270 272 314 312)
4(274 276 318 316)
4(276 278 320 318)
4(278 280 322 320)
4(280 282 324 322)
4(282 284 326 324)
4(284 286 328 326)
4(286 288 330 328)
4(288 290 332 330)
4(290 292 334 332)
4(292 294 336 334)
4(294 296 338 336)
4(296 298 340 338)
4(298 300 342 340)
4(300 302 344 342)
4(302 304 346 344)
4(304 306 348 346)
4(306 308 350 348)
4(308 310 352 350)
4(310 312 354 352)
4(312 314 356 354)
4(316 318 360 358)
4(318 320 362 360)
4(320 322 364 362)
4(322 324 366 364)
4(324 326 368 366)
4(326 328 370 368)
4(328 330 372 370)
4(330 332 374 372)
4(332 334 376 374)
4(334 336 378 376)
4(336 338 380 378)
4(338 340 382 380)
4(340 342 384 382)
4(342 344 386 384)
4(344 346 388 386)
4(346 348 390 388)
4(348 350 392 390)
4(350 352 394 392)
4(352 354 396 394)
4(354 356 398 396)
4(358 360 402 400)
4(360 362 404 402)
4(362 364 406 404)
4(364 366 408 406)
4(366 368 410 408)
4(368 370 412 410)
4(370 372 414 412)
4(372 374 416 414)
4(374 376 418 416)
4(376 378 420 418)
4(378 380 422 420)
4(380 382 424 422)
4(382 384 426 424)
4(384 386 428 426)
4(386 388 430 428)
4(388 390 432 430)
4(390 392 434 432)
4(392 394 436 434)
4(394 396 438 436)
4(396 398 440 438)
4(400 402 444 442)
4(402 404 446 444)
4(404 406 448 446)
4(406 408 450 448)
4(408 410 452 450)
4(410 412 454 452)
4(412 414 456 454)
4(414 416 458 456)
4(416 418 460 458)
4(418 420 462 460)
4(420 422 464 462)
4(422 424 466 464)
4(424 426 468 466)
4(426 428 470 468)
4(428 430 472 470)
4(430 432 474 472)
4(432 434 476 474)
4(434 436 478 476)
4(436 438 480 478)
4(438 440 482 480)
4(442 444 486 484)
4(444 446 488 486)
4(446 448 490 488)
4(448 450 492 490)
4(450 452 494 492)
4(452 454 496 494)
4(454 456 498 496)
4(456 458 500 498)
4(458 460 502 500)
4(460 462 504 502)
4(462 464 506 504)
4(464 466 508 506)
4(466 468 510 508)
4(468 470 512 510)
4(470 472 514 512)
4(472 474 516 514)
4(474 476 518 516)
4(476 478 520 518)
4(478 480 522 520)
4(480 482 524 522)
4(484 486 528 526)
4(486 488 530 528)
4(488 490 532 530)
4(490 492 534 532)
4(492 494 536 534)
4(494 496 538 536)
4(496 498 540 538)
4(498 500 542 540)
4(500 502 544 542)
4(502 504 546 544)
4(504 506 548 546)
4(506 508 550 548)
4(508 510 552 550)
4(510 512 554 552)
4(512 514 556 554)
4(514 516 558 556)
4(516 518 560 558)
4(518 520 562 560)
4(520 522 564 562)
4(522 524 566 564)
4(526 528 570 568)
4(528 530 572 570)
4(530 532 574 572)
4(532 534 576 574)
4(534 536 578 576)
4(536 538 580 578)
4(538 540 582 580)
4(540 542 584 582)
4(542 544 586 584)
4(544 546 588 586)
4(546 548 590 588)
4(548 550 592 590)
4(550 552 594 592)
4(552 554 596 594)
4(554 556 598 596)
4(556 558 600 598)
4(558 560 602 600)
4(560 562 604 602)
4(562 564 606 604)
4(564 566 608 606)
4(568 570 612 610)
4(570 572 614 612)
4(572 574 616 614)
4(574 576 618 616)
4(576 578 620 618)
4(578 580 622 620)
4(580 582 624 622)
4(582 584 626 624)
4(584 586 628 626)
4(586 588 630 628)
4(588 590 632 630)
4(590 592 634 632)
4(592 594 636 634)
4(594 596 638 636)
4(596 598 640 638)
4(598 600 642 640)
4(600 602 644 642)
4(602 604 646 644)
4(604 606 648 646)
4(606 608 650 648)
4(610 612 654 652)
4(612 614 656 654)
4(614 616 658 656)
4(616 618 660 658)
4(618 620 662 660)
4(620 622 664 662)
4(622 624 666 664)
4(624 626 668 666)
4(626 628 670 668)
4(628 630 672 670)
4(630 632 674 672)
4(632 634 676 674)
4(634 636 678 676)
4(636 638 680 678)
4(638 640 682 680)
4(640 642 684 682)
4(642 644 686 684)
4(644 646 688 686)
4(646 648 690 688)
4(648 650 692 690)
4(652 654 696 694)
4(654 656 698 696)
4(656 658 700 698)
4(658 660 702 700)
4(660 662 704 702)
4(662 664 706 704)
4(664 666 708 706)
4(666 668 710 708)
4(668 670 712 710)
4(670 672 714 712)
4(672 674 716 714)
4(674 676 718 716)
4(676 678 720 718)
4(678 680 722 720)
4(680 682 724 722)
4(682 684 726 724)
4(684 686 728 726)
4(686 688 730 728)
4(688 690 732 730)
4(690 692 734 732)
4(694 696 738 736)
4(696 698 740 738)
4(698 700 742 740)
4(700 702 744 742)
4(702 704 746 744)
4(704 706 748 746)
4(706 708 750 748)
4(708 710 752 750)
4(710 712 754 752)
4(712 714 756 754)
4(714 716 758 756)
4(716 718 760 758)
4(718 720 762 760)
4(720 722 764 762)
4(722 724 766 764)
4(724 726 768 766)
4(726 728 770 768)
4(728 730 772 770)
4(730 732 774 772)
4(732 734 776 774)
4(736 738 780 778)
4(738 740 782 780)
4(740 742 784 782)
4(742 744 786 784)
4(744 746 788 786)
4(746 748 790 788)
4(748 750 792 790)
4(750 752 794 792)
4(752 754 796 794)
4(754 756 798 796)
4(756 758 800 798)
4(758 760 802 800)
4(760 762 804 802)
4(762 764 806 804)
4(764 766 808 806)
4(766 768 810 808)
4(768 770 812 810)
4(770 772 814 812)
4(772 774 816 814)
4(774 776 818 816)
4(778 780 822 820)
4(780 782 824 822)
4(782 784 826 824)
4(784 786 828 826)
4(786 788 830 828)
4(788 790 832 830)
4(790 792 834 832)
4(792 794 836 834)
4(794 796 838 836)
4(796 798 840 838)
4(798 800 842 840)
4(800 802 844 842)
4(802 804 846 844)
4(804 806 848 846)
4(806 808 850 848)
4(808 810 852 850)
4(810 812 854 852)
4(812 814 856 854)
4(814 816 858 856)
4(816 818 860 858)
4(820 822 864 862)
4(822 824 866 864)
4(824 826 868 866)
4(826 828 870 868)
4(828 830 872 870)
4(830 832 874 872)
4(832 834 876 874)
4(834 836 878 876)
4(836 838 880 878)
4(838 840 882 880)
4(840 842 884 882)
4(842 844 886 884)
4(844 846 888 886)
4(846 848 890 888)
4(848 850 892 890)
4(850 852 894 892)
4(852 854 896 894)
4(854 856 898 896)
4(856 858 900 898)
4(858 860 902 900)
4(862 864 906 904)
4(864 866 908 906)
4(866 868 910 908)
4(868 870 912 910)
4(870 872 914 912)
4(872 874 916 914)
4(874 876 918 916)
4(876 878 920 918)
4(878 880 922 920)
4(880 882 924 922)
4(882 884 926 924)
4(884 886 928 926)
4(886 888 930 928)
4(888 890 932 930)
4(890 892 934 932)
4(892 894 936 934)
4(894 896 938 936)
4(896 898 940 938)
4(898 900 942 940)
4(900 902 944 942)
4(904 906 948 946)
4(906 908 950 948)
4(908 910 952 950)
4(910 912 954 952)
4(912 914 956 954)
4(914 916 958 956)
4(916 918 960 958)
4(918 920 962 960)
4(920 922 964 962)
4(922 924 966 964)
4(924 926 968 966)
4(926 928 970 968)
4(928 930 972 970)
4(930 932 974 972)
4(932 934 976 974)
4(934 936 978 976)
4(936 938 980 978)
4(938 940 982 980)
4(940 942 984 982)
4(942 944 986 984)
4(946 948 990 988)
4(948 950 992 990)
4(950 952 994 992)
4(952 954 996 994)
4(954 956 998 996)
4(956 958 1000 998)
4(958 960 1002 1000)
4(960 962 1004 1002)
4(962 964 1006 1004)
4(964 966 1008 1006)
4(966 968 1010 1008)
4(968 970 1012 1010)
4(970 972 1014 1012)
4(972 974 1016 1014)
4(974 976 1018 1016)
4(976 978 1020 1018)
4(978 980 1022 1020)
4(980 982 1024 1022)
4(982 984 1026 1024)
4(984 986 1028 1026)
4(988 990 1032 1030)
4(990 992 1034 1032)
4(992 994 1036 1034)
4(994 996 1038 1036)
4(996 998 1040 1038)
4(998 1000 1042 1040)
4(1000 1002 1044 1042)
4(1002 1004 1046 1044)
4(1004 1006 1048 1046)
4(1006 1008 1050 1048)
4(1008 1010 1052 1050)
4(1010 1012 1054 1052)
4(1012 1014 1056 1054)
4(1014 1016 1058 1056)
4(1016 1018 1060 1058)
4(1018 1020 1062 1060)
4(1020 1022 1064 1062)
4(1022 1024 1066 1064)
4(1024 1026 1068 1066)
4(1026 1028 1070 1068)
4(1030 1032 1074 1072)
4(1032 1034 1076 1074)
4(1034 1036 1078 1076)
4(1036 1038 1080 1078)
4(1038 1040 1082 1080)
4(1040 1042 1084 1082)
4(1042 1044 1086 1084)
4(1044 1046 1088 1086)
4(1046 1048 1090 1088)
4(1048 1050 1092 1090)
4(1050 1052 1094 1092)
4(1052 1054 1096 1094)
4(1054 1056 1098 1096)
4(1056 1058 1100 1098)
4(1058 1060 1102 1100)
4(1060 1062 1104 1102)
4(1062 1064 1106 1104)
4(1064 1066 1108 1106)
4(1066 1068 1110 1108)
4(1068 1070 1112 1110)
4(1072 1074 1116 1114)
4(1074 1076 1118 1116)
4(1076 1078 1120 1118)
4(1078 1080 1122 1120)
4(1080 1082 1124 1122)
4(1082 1084 1126 1124)
4(1084 1086 1128 1126)
4(1086 1088 1130 1128)
4(1088 1090 1132 1130)
4(1090 1092 1134 1132)
4(1092 1094 1136 1134)
4(1094 1096 1138 1136)
4(1096 1098 1140 1138)
4(1098 1100 1142 1140)
4(1100 1102 1144 1142)
4(1102 1104 1146 1144)
4(1104 1106 1148 1146)
4(1106 1108 1150 1148)
4(1108 1110 1152 1150)
4(1110 1112 1154 1152)
4(1114 1116 1158 1156)
4(1116 1118 1160 1158)
4(1118 1120 1162 1160)
4(1120 1122 1164 1162)
4(1122 1124 1166 1164)
4(1124 1126 1168 1166)
4(1126 1128 1170 1168)
4(1128 1130 1172 1170)
4(1130 1132 1174 1172)
4(1132 1134 1176 1174)
4(1134 1136 1178 1176)
4(1136 1138 1180 1178)
4(1138 1140 1182 1180)
4(1140 1142 1184 1182)
4(1142 1144 1186 1184)
4(1144 1146 1188 1186)
4(1146 1148 1190 1188)
4(1148 1150 1192 1190)
4(1150 1152 1194 1192)
4(1152 1154 1196 1194)
4(1156 1158 1200 1198)
4(1158 1160 1202 1200)
4(1160 1162 1204 1202)
4(1162 1164 1206 1204)
4(1164 1166 1208 1206)
4(1166 1168 1210 1208)
4(1168 1170 1212 1210)
4(1170 1172 1214 1212)
4(1172 1174 1216 1214)
4(1174 1176 1218 1216)
4(1176 1178 1220 1218)
4(1178 1180 1222 1220)
4(1180 1182 1224 1222)
4(1182 1184 1226 1224)
4(1184 1186 1228 1226)
4(1186 1188 1230 1228)
4(1188 1190 1232 1230)
4(1190 1192 1234 1232)
4(1192 1194 1236 1234)
4(1194 1196 1238 1236)
4(1198 1200 1242 1240)
4(1200 1202 1244 1242)
4(1202 1204 1246 1244)
4(1204 1206 1248 1246)
4(1206 1208 1250 1248)
4(1208 1210 1252 1250)
4(1210 1212 1254 1252)
4(1212 1214 1256 1254)
4(1214 1216 1258 1256)
4(1216 1218 1260 1258)
4(1218 1220 1262 1260)
4(1220 1222 1264 1262)
4(1222 1224 1266 1264)
4(1224 1226 1268 1266)
4(1226 1228 1270 1268)
4(1228 1230 1272 1270)
4(1230 1232 1274 1272)
4(1232 1234 1276 1274)
4(1234 1236 1278 1276)
4(1236 1238 1280 1278)
4(1240 1242 1284 1282)
4(1242 1244 1286 1284)
4(1244 1246 1288 1286)
4(1246 1248 1290 1288)
4(1248 1250 1292 1290)
4(1250 1252 1294 1292)
4(1252 1254 1296 1294)
4(1254 1256 1298 1296)
4(1256 1258 1300 1298)
4(1258 1260 1302 1300)
4(1260 1262 1304 1302)
4(1262 1264 1306 1304)
4(1264 1266 1308 1306)
4(1266 1268 1310 1308)
4(1268 1270 1312 1310)
4(1270 1272 1314 1312)
4(1272 1274 1316 1314)
4(1274 1276 1318 1316)
4(1276 1278 1320 1318)
4(1278 1280 1322 1320)
4(1282 1284 1326 1324)
4(1284 1286 1328 1326)
4(1286 1288 1330 1328)
4(1288 1290 1332 1330)
4(1290 1292 1334 1332)
4(1292 1294 1336 1334)
4(1294 1296 1338 1336)
4(1296 1298 1340 1338)
4(1298 1300 1342 1340)
4(1300 1302 1344 1342)
4(1302 1304 1346 1344)
4(1304 1306 1348 1346)
4(1306 1308 1350 1348)
4(1308 1310 1352 1350)
4(1310 1312 1354 1352)
4(1312 1314 1356 1354)
4(1314 1316 1358 1356)
4(1316 1318 1360 1358)
4(1318 1320 1362 1360)
4(1320 1322 1364 1362)
4(1324 1326 1368 1366)
4(1326 1328 1370 1368)
4(1328 1330 1372 1370)
4(1330 1332 1374 1372)
4(1332 1334 1376 1374)
4(1334 1336 1378 1376)
4(1336 1338 1380 1378)
4(1338 1340 1382 1380)
4(1340 1342 1384 1382)
4(1342 1344 1386 1384)
4(1344 1346 1388 1386)
4(1346 1348 1390 1388)
4(1348 1350 1392 1390)
4(1350 1352 1394 1392)
4(1352 1354 1396 1394)
4(1354 1356 1398 1396)
4(1356 1358 1400 1398)
4(1358 1360 1402 1400)
4(1360 1362 1404 1402)
4(1362 1364 1406 1404)
4(1366 1368 1410 1408)
4(1368 1370 1412 1410)
4(1370 1372 1414 1412)
4(1372 1374 1416 1414)
4(1374 1376 1418 1416)
4(1376 1378 1420 1418)
4(1378 1380 1422 1420)
4(1380 1382 1424 1422)
4(1382 1384 1426 1424)
4(1384 1386 1428 1426)
4(1386 1388 1430 1428)
4(1388 1390 1432 1430)
4(1390 1392 1434 1432)
4(1392 1394 1436 1434)
4(1394 1396 1438 1436)
4(1396 1398 1440 1438)
4(1398 1400 1442 1440)
4(1400 1402 1444 1442)
4(1402 1404 1446 1444)
4(1404 1406 1448 1446)
4(1408 1410 1452 1450)
4(1410 1412 1454 1452)
4(1412 1414 1456 1454)
4(1414 1416 1458 1456)
4(1416 1418 1460 1458)
4(1418 1420 1462 1460)
4(1420 1422 1464 1462)
4(1422 1424 1466 1464)
4(1424 1426 1468 1466)
4(1426 1428 1470 1468)
4(1428 1430 1472 1470)
4(1430 1432 1474 1472)
4(1432 1434 1476 1474)
4(1434 1436 1478 1476)
4(1436 1438 1480 1478)
4(1438 1440 1482 1480)
4(1440 1442 1484 1482)
4(1442 1444 1486 1484)
4(1444 1446 1488 1486)
4(1446 1448 1490 1488)
4(1450 1452 1494 1492)
4(1452 1454 1496 1494)
4(1454 1456 1498 1496)
4(1456 1458 1500 1498)
4(1458 1460 1502 1500)
4(1460 1462 1504 1502)
4(1462 1464 1506 1504)
4(1464 1466 1508 1506)
4(1466 1468 1510 1508)
4(1468 1470 1512 1510)
4(1470 1472 1514 1512)
4(1472 1474 1516 1514)
4(1474 1476 1518 1516)
4(1476 1478 1520 1518)
4(1478 1480 1522 1520)
4(1480 1482 1524 1522)
4(1482 1484 1526 1524)
4(1484 1486 1528 1526)
4(1486 1488 1530 1528)
4(1488 1490 1532 1530)
4(1492 1494 1536 1534)
4(1494 1496 1538 1536)
4(1496 1498 1540 1538)
4(1498 1500 1542 1540)
4(1500 1502 1544 1542)
4(1502 1504 1546 1544)
4(1504 1506 1548 1546)
4(1506 1508 1550 1548)
4(1508 1510 1552 1550)
4(1510 1512 1554 1552)
4(1512 1514 1556 1554)
4(1514 1516 1558 1556)
4(1516 1518 1560 1558)
4(1518 1520 1562 1560)
4(1520 1522 1564 1562)
4(1522 1524 1566 1564)
4(1524 1526 1568 1566)
4(1526 1528 1570 1568)
4(1528 1530 1572 1570)
4(1530 1532 1574 1572)
4(1534 1536 1578 1576)
4(1536 1538 1580 1578)
4(1538 1540 1582 1580)
4(1540 1542 1584 1582)
4(1542 1544 1586 1584)
4(1544 1546 1588 1586)
4(1546 1548 1590 1588)
4(1548 1550 1592 1590)
4(1550 1552 1594 1592)
4(1552 1554 1596 1594)
4(1554 1556 1598 1596)
4(1556 1558 1600 1598)
4(1558 1560 1602 1600)
4(1560 1562 1604 1602)
4(1562 1564 1606 1604)
4(1564 1566 1608 1606)
4(1566 1568 1610 1608)
4(1568 1570 1612 1610)
4(1570 1572 1614 1612)
4(1572 1574 1616 1614)
4(1576 1578 1620 1618)
4(1578 1580 1622 1620)
4(1580 1582 1624 1622)
4(1582 1584 1626 1624)
4(1584 1586 1628 1626)
4(1586 1588 1630 1628)
4(1588 1590 1632 1630)
4(1590 1592 1634 1632)
4(1592 1594 1636 1634)
4(1594 1596 1638 1636)
4(1596 1598 1640 1638)
4(1598 1600 1642 1640)
4(1600 1602 1644 1642)
4(1602 1604 1646 1644)
4(1604 1606 1648 1646)
4(1606 1608 1650 1648)
4(1608 1610 1652 1650)
4(1610 1612 1654 1652)
4(1612 1614 1656 1654)
4(1614 1616 1658 1656)
4(1618 1620 1662 1660)
4(1620 1622 1664 1662)
4(1622 1624 1666 1664)
4(1624 1626 1668 1666)
4(1626 1628 1670 1668)
4(1628 1630 1672 1670)
4(1630 1632 1674 1672)
4(1632 1634 1676 1674)
4(1634 1636 1678 1676)
4(1636 1638 1680 1678)
4(1638 1640 1682 1680)
4(1640 1642 1684 1682)
4(1642 1644 1686 1684)
4(1644 1646 1688 1686)
4(1646 1648 1690 1688)
4(1648 1650 1692 1690)
4(1650 1652 1694 1692)
4(1652 1654 1696 1694)
4(1654 1656 1698 1696)
4(1656 1658 1700 1698)
4(1660 1662 1704 1702)
4(1662 1664 1706 1704)
4(1664 1666 1708 1706)
4(1666 1668 1710 1708)
4(1668 1670 1712 1710)
4(1670 1672 1714 1712)
4(1672 1674 1716 1714)
4(1674 1676 1718 1716)
4(1676 1678 1720 1718)
4(1678 1680 1722 1720)
4(1680 1682 1724 1722)
4(1682 1684 1726 1724)
4(1684 1686 1728 1726)
4(1686 1688 1730 1728)
4(1688 1690 1732 1730)
4(1690 1692 1734 1732)
4(1692 1694 1736 1734)
4(1694 1696 1738 1736)
4(1696 1698 1740 1738)
4(1698 1700 1742 1740)
4(1702 1704 1746 1744)
4(1704 1706 1748 1746)
4(1706 1708 1750 1748)
4(1708 1710 1752 1750)
4(1710 1712 1754 1752)
4(1712 1714 1756 1754)
4(1714 1716 1758 1756)
4(1716 1718 1760 1758)
4(1718 1720 1762 1760)
4(1720 1722 1764 1762)
4(1722 1724 1766 1764)
4(1724 1726 1768 1766)
4(1726 1728 1770 1768)
4(1728 1730 1772 1770)
4(1730 1732 1774 1772)
4(1732 1734 1776 1774)
4(1734 1736 1778 1776)
4(1736 1738 1780 1778)
4(1738 1740 1782 1780)
4(1740 1742 1784 1782)
4(1744 1746 1788 1786)
4(1746 1748 1790 1788)
4(1748 1750 1792 1790)
4(1750 1752 1794 1792)
4(1752 1754 1796 1794)
4(1754 1756 1798 1796)
4(1756 1758 1800 1798)
4(1758 1760 1802 1800)
4(1760 1762 1804 1802)
4(1762 1764 1806 1804)
4(1764 1766 1808 1806)
4(1766 1768 1810 1808)
4(1768 1770 1812 1810)
4(1770 1772 1814 1812)
4(1772 1774 1816 1814)
4(1774 1776 1818 1816)
4(1776 1778 1820 1818)
4(1778 1780 1822 1820)
4(1780 1782 1824 1822)
4(1782 1784 1826 1824)
4(1786 1788 1830 1828)
4(1788 1790 1832 1830)
4(1790 1792 1834 1832)
4(1792 1794 1836 1834)
4(1794 1796 1838 1836)
4(1796 1798 1840 1838)
4(1798 1800 1842 1840)
4(1800 1802 1844 1842)
4(1802 1804 1846 1844)
4(1804 1806 1848 1846)
4(1806 1808 1850 1848)
4(1808 1810 1852 1850)
4(1810 1812 1854 1852)
4(1812 1814 1856 1854)
4(1814 1816 1858 1856)
4(1816 1818 1860 1858)
4(1818 1820 1862 1860)
4(1820 1822 1864 1862)
4(1822 1824 1866 1864)
4(1824 1826 1868 1866)
4(1828 1830 1872 1870)
4(1830 1832 1874 1872)
4(1832 1834 1876 1874)
4(1834 1836 1878 1876)
4(1836 1838 1880 1878)
4(1838 1840 1882 1880)
4(1840 1842 1884 1882)
4(1842 1844 1886 1884)
4(1844 1846 1888 1886)
4(1846 1848 1890 1888)
4(1848 1850 1892 1890)
4(1850 1852 1894 1892)
4(1852 1854 1896 1894)
4(1854 1856 1898 1896)
4(1856 1858 1900 1898)
4(1858 1860 1902 1900)
4(1860 1862 1904 1902)
4(1862 1864 1906 1904)
4(1864 1866 1908 1906)
4(1866 1868 1910 1908)
4(1870 1872 1914 1912)
4(1872 1874 1916 1914)
4(1874 1876 1918 1916)
4(1876 1878 1920 1918)
4(1878 1880 1922 1920)
4(1880 1882 1924 1922)
4(1882 1884 1926 1924)
4(1884 1886 1928 1926)
4(1886 1888 1930 1928)
4(1888 1890 1932 1930)
4(1890 1892 1934 1932)
4(1892 1894 1936 1934)
4(1894 1896 1938 1936)
4(1896 1898 1940 1938)
4(1898 1900 1942 1940)
4(1900 1902 1944 1942)
4(1902 1904 1946 1944)
4(1904 1906 1948 1946)
4(1906 1908 1950 1948)
4(1908 1910 1952 1950)
4(1912 1914 1956 1954)
4(1914 1916 1958 1956)
4(1916 1918 1960 1958)
4(1918 1920 1962 1960)
4(1920 1922 1964 1962)
4(1922 1924 1966 1964)
4(1924 1926 1968 1966)
4(1926 1928 1970 1968)
4(1928 1930 1972 1970)
4(1930 1932 1974 1972)
4(1932 1934 1976 1974)
4(1934 1936 1978 1976)
4(1936 1938 1980 1978)
4(1938 1940 1982 1980)
4(1940 1942 1984 1982)
4(1942 1944 1986 1984)
4(1944 1946 1988 1986)
4(1946 1948 1990 1988)
4(1948 1950 1992 1990)
4(1950 1952 1994 1992)
4(1954 1956 1998 1996)
4(1956 1958 2000 1998)
4(1958 1960 2002 2000)
4(1960 1962 2004 2002)
4(1962 1964 2006 2004)
4(1964 1966 2008 2006)
4(1966 1968 2010 2008)
4(1968 1970 2012 2010)
4(1970 1972 2014 2012)
4(1972 1974 2016 2014)
4(1974 1976 2018 2016)
4(1976 1978 2020 2018)
4(1978 1980 2022 2020)
4(1980 1982 2024 2022)
4(1982 1984 2026 2024)
4(1984 1986 2028 2026)
4(1986 1988 2030 2028)
4(1988 1990 2032 2030)
4(1990 1992 2034 2032)
4(1992 1994 2036 2034)
4(1996 1998 2040 2038)
4(1998 2000 2042 2040)
4(2000 2002 2044 2042)
4(2002 2004 2046 2044)
4(2004 2006 2048 2046)
4(2006 2008 2050 2048)
4(2008 2010 2052 2050)
4(2010 2012 2054 2052)
4(2012 2014 2056 2054)
4(2014 2016 2058 2056)
4(2016 2018 2060 2058)
4(2018 2020 2062 2060)
4(2020 2022 2064 2062)
4(2022 2024 2066 2064)
4(2024 2026 2068 2066)
4(2026 2028 2070 2068)
4(2028 2030 2072 2070)
4(2030 2032 2074 2072)
4(2032 2034 2076 2074)
4(2034 2036 2078 2076)
4(2038 2040 2082 2080)
4(2040 2042 2084 2082)
4(2042 2044 2086 2084)
4(2044 2046 2088 2086)
4(2046 2048 2090 2088)
4(2048 2050 2092 2090)
4(2050 2052 2094 2092)
4(2052 2054 2096 2094)
4(2054 2056 2098 2096)
4(2056 2058 2100 2098)
4(2058 2060 2102 2100)
4(2060 2062 2104 2102)
4(2062 2064 2106 2104)
4(2064 2066 2108 2106)
4(2066 2068 2110 2108)
4(2068 2070 2112 2110)
4(2070 2072 2114 2112)
4(2072 2074 2116 2114)
4(2074 2076 2118 2116)
4(2076 2078 2120 2118)
4(0 21 23 1)
4(1 23 25 2)
4(2 25 27 3)
4(3 27 29 4)
4(4 29 31 5)
4(5 31 33 6)
4(6 33 35 7)
4(7 35 37 8)
4(8 37 39 9)
4(9 39 41 10)
4(10 41 43 11)
4(11 43 45 12)
4(12 45 47 13)
4(13 47 49 14)
4(14 49 51 15)
4(15 51 53 16)
4(16 53 55 17)
4(17 55 57 18)
4(18 57 59 19)
4(19 59 61 20)
4(21 63 65 23)
4(23 65 67 25)
4(25 67 69 27)
4(27 69 71 29)
4(29 71 73 31)
4(31 73 75 33)
4(33 75 77 35)
4(35 77 79 37)
4(37 79 81 39)
4(39 81 83 41)
4(41 83 85 43)
4(43 85 87 45)
4(45 87 89 47)
4(47 89 91 49)
4(49 91 93 51)
4(51 93 95 53)
4(53 95 97 55)
4(55 97 99 57)
4(57 99 101 59)
4(59 101 103 61)
4(63 105 107 65)
4(65 107 109 67)
4(67 109 111 69)
4(69 111 113 71)
4(71 113 115 73)
4(73 115 117 75)
4(75 117 119 77)
4(77 119 121 79)
4(79 121 123 81)
4(81 123 125 83)
4(83 125 127 85)
4(85 127 129 87)
4(87 129 131 89)
4(89 131 133 91)
4(91 133 135 93)
4(93 135 137 95)
4(95 137 139 97)
4(97 139 141 99)
4(99 141 143 101)
4(101 143 145 103)
4(105 147 149 107)
4(107 149 151 109)
4(109 151 153 111)
4(111 153 155 113)
4(113 155 157 115)
4(115 157 159 117)
4(117 159 161 119)
4(119 161 163 121)
4(121 163 165 123)
4(123 165 167 125)
4(125 167 169 127)
4(127 169 171 129)
4(129 171 173 131)
4(131 173 175 133)
4(133 175 177 135)
4(135 177 179 137)
4(137 179 181 139)
4(139 181 183 141)
4(141 183 185 143)
4(143 185 187 145)
4(147 189 191 149)
4(149 191 193 151)
4(151 193 195 153)
4(153 195 197 155)
4(155 197 199 157)
4(157 199 201 159)
4(159 201 203 161)
4(161 203 205 163)
4(163 205 207 165)
4(165 207 209 167)
4(167 209 211 169)
4(169 211 213 171)
4(171 213 215 173)
4(173 215 217 175)
4(175 217 219 177)
4(177 219 221 179)
4(179 221 223 181)
4(181 223 225 183)
4(183 225 227 185)
4(185 227 229 187)
4(189 231 233 191)
4(191 233 235 193)
4(193 235 237 195)
4(195 237 239 197)
4(197 239 241 199)
4(199 241 243 201)
4(201 243 245 203)
4(203 245 247 205)
4(205 247 249 207)
4(207 249 251 209)
4(209 251 253 211)
4(211 253 255 213)
4(213 255 257 215)
4(215 257 259 217)
4(217 259 261 219)
4(219 261 263 221)
4(221 263 265 223)
4(223 265 267 225)
4(225 267 269 227)
4(227 269 271 229)
4(231 273 275 233)
4(233 275 277 235)
4(235 277 279 237)
4(237 279 281 239)
4(239 281 283 241)
4(241 283 285 243)
4(243 285 287 245)
4(245 287 289 247)
4(247 289 291 249)
4(249 291 293 251)
4(251 293 295 253)
4(253 295 297 255)
4(255 297 299 257)
4(257 299 301 259)
4(259 301 303 261)
4(261 303 305 263)
4(263 305 307 265)
4(265 307 309 267)
4(267 309 311 269)
4(269 311 313 271)
4(273 315 317 275)
4(275 317 319 277)
4(277 319 321 279)
4(279 321 323 281)
4(281 323 325 283)
4(283 325 327 285)
4(285 327 329 287)
4(287 329 331 289)
4(289 331 333 291)
4(291 333 335 293)
4(293 335 337 295)
4(295 337 339 297)
4(297 339 341 299)
4(299 341 343 301)
4(301 343 345 303)
4(303 345 347 305)
4(305 347 349 307)
4(307 349 351 309)
4(309 351 353 311)
4(311 353 355 313)
4(315 357 359 317)
4(317 359 361 319)
4(319 361 363 321)
4(321 363 365 323)
4(323 365 367 325)
4(325 367 369 327)
4(327 369 371 329)
4(329 371 373 331)
4(331 373 375 333)
4(333 375 377 335)
4(335 377 379 337)
4(337 379 381 339)
4(339 381 383 341)
4(341 383 385 343)
4(343 385 387 345)
4(345 387 389 347)
4(347 389 391 349)
4(349 391 393 351)
4(351 393 395 353)
4(353 395 397 355)
4(357 399 401 359)
4(359 401 403 361)
4(361 403 405 363)
4(363 405 407 365)
4(365 407 409 367)
4(367 409 411 369)
4(369 411 413 371)
4(371 413 415 373)
4(373 415 417 375)
4(375 417 419 377)
4(377 419 421 379)
4(379 421 423 381)
4(381 423 425 383)
4(383 425 427 385)
4(385 427 429 387)
4(387 429 431 389)
4(389 431 433 391)
4(391 433 435 393)
4(393 435 437 395)
4(395 437 439 397)
4(399 441 443 401)
4(401 443 445 403)
4(403 445 447 405)
4(405 447 449 407)
4(407 449 451 409)
4(409 451 453 411)
4(411 453 455 413)
4(413 455 457 415)
4(415 457 459 417)
4(417 459 461 419)
4(419 461 463 421)
4(421 463 465 423)
4(423 465 467 425)
4(425 467 469 427)
4(427 469 471 429)
4(429 471 473 431)
4(431 473 475 433)
4(433 475 477 435)
4(435 477 479 437)
4(437 479 481 439)
4(441 483 485 443)
4(443 485 487 445)
4(445 487 489 447)
4(447 489 491 449)
4(449 491 493 451)
4(451 493 495 453)
4(453 495 497 455)
4(455 497 499 457)
4(457 499 501 459)
4(459 501 503 461)
4(461 503 505 463)
4(463 505 507 465)
4(465 507 509 467)
4(467 509 511 469)
4(469 511 513 471)
4(471 513 515 473)
4(473 515 517 475)
4(475 517 519 477)
4(477 519 521 479)
4(479 521 523 481)
4(483 525 527 485)
4(485 527 529 487)
4(487 529 531 489)
4(489 531 533 491)
4(491 533 535 493)
4(493 535 537 495)
4(495 537 539 497)
4(497 539 541 499)
4(499 541 543 501)
4(501 543 545 503)
4(503 545 547 505)
4(505 547 549 507)
4(507 549 551 509)
4(509 551 553 511)
4(511 553 555 513)
4(513 555 557 515)
4(515 557 559 517)
4(517 559 561 519)
4(519 561 563 521)
4(521 563 565 523)
4(525 567 569 527)
4(527 569 571 529)
4(529 571 573 531)
4(531 573 575 533)
4(533 575 577 535)
4(535 577 579 537)
4(537 579 581 539)
4(539 581 583 541)
4(541 583 585 543)
4(543 585 587 545)
4(545 587 589 547)
4(547 589 591 549)
4(549 591 593 551)
4(551 593 595 553)
4(553 595 597 555)
4(555 597 599 557)
4(557 599 601 559)
4(559 601 603 561)
4(561 603 605 563)
4(563 605 607 565)
4(567 609 611 569)
4(569 611 613 571)
4(571 613 615 573)
4(573 615 617 575)
4(575 617 619 577)
4(577 619 621 579)
4(579 621 623 581)
4(581 623 625 583)
4(583 625 627 585)
4(585 627 629 587)
4(587 629 631 589)
4(589 631 633 591)
4(591 633 635 593)
4(593 635 637 595)
4(595 637 639 597)
4(597 639 641 599)
4(599 641 643 601)
4(601 643 645 603)
4(603 645 647 605)
4(605 647 649 607)
4(609 651 653 611)
4(611 653 655 613)
4(613 655 657 615)
4(615 657 659 617)
4(617 659 661 619)
4(619 661 663 621)
4(621 663 665 623)
4(623 665 667 625)
4(625 667 669 627)
4(627 669 671 629)
4(629 671 673 631)
4(631 673 675 633)
4(633 675 677 635)
4(635 677 679 637)
4(637 679 681 639)
4(639 681 683 641)
4(641 683 685 643)
4(643 685 687 645)
4(645 687 689 647)
4(647 689 691 649)
4(651 693 695 653)
4(653 695 697 655)
4(655 697 699 657)
4(657 699 701 659)
4(659 701 703 661)
4(661 703 705 663)
4(663 705 707 665)
4(665 707 709 667)
4(667 709 711 669)
4(669 711 713 671)
4(671 713 715 673)
4(673 715 717 675)
4(675 717 719 677)
4(677 719 721 679)
4(679 721 723 681)
4(681 723 725 683)
4(683 725 727 685)
4(685 727 729 687)
4(687 729 731 689)
4(689 731 733 691)
4(693 735 737 695)
4(695 737 739 697)
4(697 739 741 699)
4(699 741 743 701)
4(701 743 745 703)
4(703 745 747 705)
4(705 747 749 707)
4(707 749 751 709)
4(709 751 753 711)
4(711 753 755 713)
4(713 755 757 715)
4(715 757 759 717)
4(717 759 761 719)
4(719 761 763 721)
4(721 763 765 723)
4(723 765 767 725)
4(725 767 769 727)
4(727 769 771 729)
4(729 771 773 731)
4(731 773 775 733)
4(735 777 779 737)
4(737 779 781 739)
4(739 781 783 741)
4(741 783 785 743)
4(743 785 787 745)
4(745 787 789 747)
4(747 789 791 749)
4(749 791 793 751)
4(751 793 795 753)
4(753 795 797 755)
4(755 797 799 757)
4(757 799 801 759)
4(759 801 803 761)
4(761 803 805 763)
4(763 805 807 765)
4(765 807 809 767)
4(767 809 811 769)
4(769 811 813 771)
4(771 813 815 773)
4(773 815 817 775)
4(777 819 821 779)
4(779 821 823 781)
4(781 823 825 783)
4(783 825 827 785)
4(785 827 829 787)
4(787 829 831 789)
4(789 831 833 791)
4(791 833 835 793)
4(793 835 837 795)
4(795 837 839 797)
4(797 839 841 799)
4(799 841 843 801)
4(801 843 845 803)
4(803 845 847 805)
4(805 847 849 807)
4(807 849 851 809)
4(809 851 853 811)
4(811 853 855 813)
4(813 855 857 815)
4(815 857 859 817)
4(819 861 863 821)
4(821 863 865 823)
4(823 865 867 825)
4(825 867 869 827)
4(827 869 871 829)
4(829 871 873 831)
4(831 873 875 833)
4(833 875 877 835)
4(835 877 879 837)
4(837 879 881 839)
4(839 881 883 841)
4(841 883 885 843)
4(843 885 887 845)
4(845 887 889 847)
4(847 889 891 849)
4(849 891 893 851)
4(851 893 895 853)
4(853 895 897 855)
4(855 897 899 857)
4(857 899 901 859)
4(861 903 905 863)
4(863 905 907 865)
4(865 907 909 867)
4(867 909 911 869)
4(869 911 913 871)
4(871 913 915 873)
4(873 915 917 875)
4(875 917 919 877)
4(877 919 921 879)
4(879 921 923 881)
4(881 923 925 883)
4(883 925 927 885)
4(885 927 929 887)
4(887 929 931 889)
4(889 931 933 891)
4(891 933 935 893)
4(893 935 937 895)
4(895 937 939 897)
4(897 939 941 899)
4(899 941 943 901)
4(903 945 947 905)
4(905 947 949 907)
4(907 949 951 909)
4(909 951 953 911)
4(911 953 955 913)
4(913 955 957 915)
4(915 957 959 917)
4(917 959 961 919)
4(919 961 963 921)
4(921 963 965 923)
4(923 965 967 925)
4(925 967 969 927)
4(927 969 971 929)
4(929 971 973 931)
4(931 973 975 933)
4(933 975 977 935)
4(935 977 979 937)
4(937 979 981 939)
4(939 981 983 941)
4(941 983 985 943)
4(945 987 989 947)
4(947 989 991 949)
4(949 991 993 951)
4(951 993 995 953)
4(953 995 997 955)
4(955 997 999 957)
4(957 999 1001 959)
4(959 1001 1003 961)
4(961 1003 1005 963)
4(963 1005 1007 965)
4(965 1007 1009 967)
4(967 1009 1011 969)
4(969 1011 1013 971)
4(971 1013 1015 973)
4(973 1015 1017 975)
4(975 1017 1019 977)
4(977 1019 1021 979)
4(979 1021 1023 981)
4(981 1023 1025 983)
4(983 1025 1027 985)
4(987 1029 1031 989)
4(989 1031 1033 991)
4(991 1033 1035 993)
4(993 1035 1037 995)
4(995 1037 1039 997)
4(997 1039 1041 999)
4(999 1041 1043 1001)
4(1001 1043 1045 1003)
4(1003 1045 1047 1005)
4(1005 1047 1049 1007)
4(1007 1049 1051 1009)
4(1009 1051 1053 1011)
4(1011 1053 1055 1013)
4(1013 1055 1057 1015)
4(1015 1057 1059 1017)
4(1017 1059 1061 1019)
4(1019 1061 1063 1021)
4(1021 1063 1065 1023)
4(1023 1065 1067 1025)
4(1025 1067 1069 1027)
4(1029 1071 1073 1031)
4(1031 1073 1075 1033)
4(1033 1075 1077 1035)
4(1035 1077 1079 1037)
4(1037 1079 1081 1039)
4(1039 1081 1083 1041)
4(1041 1083 1085 1043)
4(1043 1085 1087 1045)
4(1045 1087 1089 1047)
4(1047 1089 1091 1049)
4(1049 1091 1093 1051)
4(1051 1093 1095 1053)
4(1053 1095 1097 1055)
4(1055 1097 1099 1057)
4(1057 1099 1101 1059)
4(1059 1101 1103 1061)
4(1061 1103 1105 1063)
4(1063 1105 1107 1065)
4(1065 1107 1109 1067)
4(1067 1109 1111 1069)
4(1071 1113 1115 1073)
4(1073 1115 1117 1075)
4(1075 1117 1119 1077)
4(1077 1119 1121 1079)
4(1079 1121 1123 1081)
4(1081 1123 1125 1083)
4(1083 1125 1127 1085)
4(1085 1127 1129 1087)
4(1087 1129 1131 1089)
4(1089 1131 1133 1091)
4(1091 1133 1135 1093)
4(1093 1135 1137 1095)
4(1095 1137 1139 1097)
4(1097 1139 1141 1099)
4(1099 1141 1143 1101)
4(1101 1143 1145 1103)
4(1103 1145 1147 1105)
4(1105 1147 1149 1107)
4(1107 1149 1151 1109)
4(1109 1151 1153 1111)
4(1113 1155 1157 1115)
4(1115 1157 1159 1117)
4(1117 1159 1161 1119)
4(1119 1161 1163 1121)
4(1121 1163 1165 1123)
4(1123 1165 1167 1125)
4(1125 1167 1169 1127)
4(1127 1169 1171 1129)
4(1129 1171 1173 1131)
4(1131 1173 1175 1133)
4(1133 1175 1177 1135)
4(1135 1177 1179 1137)
4(1137 1179 1181 1139)
4(1139 1181 1183 1141)
4(1141 1183 1185 1143)
4(1143 1185 1187 1145)
4(1145 1187 1189 1147)
4(1147 1189 1191 1149)
4(1149 1191 1193 1151)
4(1151 1193 1195 1153)
4(1155 1197 1199 1157)
4(1157 1199 1201 1159)
4(1159 1201 1203 1161)
4(1161 1203 1205 1163)
4(1163 1205 1207 1165)
4(1165 1207 1209 1167)
4(1167 1209 1211 1169)
4(1169 1211 1213 1171)
4(1171 1213 1215 1173)
4(1173 1215 1217 1175)
4(1175 1217 1219 1177)
4(1177 1219 1221 1179)
4(1179 1221 1223 1181)
4(1181 1223 1225 1183)
4(1183 1225 1227 1185)
4(1185 1227 1229 1187)
4(1187 1229 1231 1189)
4(1189 1231 1233 1191)
4(1191 1233 1235 1193)
4(1193 1235 1237 1195)
4(1197 1239 1241 1199)
4(1199 1241 1243 1201)
4(1201 1243 1245 1203)
4(1203 1245 1247 1205)
4(1205 1247 1249 1207)
4(1207 1249 1251 1209)
4(1209 1251 1253 1211)
4(1211 1253 1255 1213)
4(1213 1255 1257 1215)
4(1215 1257 1259 1217)
4(1217 1259 1261 1219)
4(1219 1261 1263 1221)
4(1221 1263 1265 1223)
4(1223 1265 1267 1225)
4(1225 1267 1269 1227)
4(1227 1269 1271 1229)
4(1229 1271 1273 1231)
4(1231 1273 1275 1233)
4(1233 1275 1277 1235)
4(1235 1277 1279 1237)
4(1239 1281 1283 1241)
4(1241 1283 1285 1243)
4(1243 1285 1287 1245)
4(1245 1287 1289 1247)
4(1247 1289 1291 1249)
4(1249 1291 1293 1251)
4(1251 1293 1295 1253)
4(1253 1295 1297 1255)
4(1255 1297 1299 1257)
4(1257 1299 1301 1259)
4(1259 1301 1303 1261)
4(1261 1303 1305 1263)
4(1263 1305 1307 1265)
4(1265 1307 1309 1267)
4(1267 1309 1311 1269)
4(1269 1311 1313 1271)
4(1271 1313 1315 1273)
4(1273 1315 1317 1275)
4(1275 1317 1319 1277)
4(1277 1319 1321 1279)
4(1281 1323 1325 1283)
4(1283 1325 1327 1285)
4(1285 1327 1329 1287)
4(1287 1329 1331 1289)
4(1289 1331 1333 1291)
4(1291 1333 1335 1293)
4(1293 1335 1337 1295)
4(1295 1337 1339 1297)
4(1297 1339 1341 1299)
4(1299 1341 1343 1301)
4(1301 1343 1345 1303)
4(1303 1345 1347 1305)
4(1305 1347 1349 1307)
4(1307 1349 1351 1309)
4(1309 1351 1353 1311)
4(1311 1353 1355 1313)
4(1313 1355 1357 1315)
4(1315 1357 1359 1317)
4(1317 1359 1361 1319)
4(1319 1361 1363 1321)
4(1323 1365 1367 1325)
4(1325 1367 1369 1327)
4(1327 1369 1371 1329)
4(1329 1371 1373 1331)
4(1331 1373 1375 1333)
4(1333 1375 1377 1335)
4(1335 1377 1379 1337)
4(1337 1379 1381 1339)
4(1339 1381 1383 1341)
4(1341 1383 1385 1343)
4(1343 1385 1387 1345)
4(1345 1387 1389 1347)
4(1347 1389 1391 1349)
4(1349 1391 1393 1351)
4(1351 1393 1395 1353)
4(1353 1395 1397 1355)
4(1355 1397 1399 1357)
4(1357 1399 1401 1359)
4(1359 1401 1403 1361)
4(1361 1403 1405 1363)
4(1365 1407 1409 1367)
4(1367 1409 1411 1369)
4(1369 1411 1413 1371)
4(1371 1413 1415 1373)
4(1373 1415 1417 1375)
4(1375 1417 1419 1377)
4(1377 1419 1421 1379)
4(1379 1421 1423 1381)
4(1381 1423 1425 1383)
4(1383 1425 1427 1385)
4(1385 1427 1429 1387)
4(1387 1429 1431 1389)
4(1389 1431 1433 1391)
4(1391 1433 1435 1393)
4(1393 1435 1437 1395)
4(1395 1437 1439 1397)
4(1397 1439 1441 1399)
4(1399 1441 1443 1401)
4(1401 1443 1445 1403)
4(1403 1445 1447 1405)
4(1407 1449 1451 1409)
4(1409 1451 1453 1411)
4(1411 1453 1455 1413)
4(1413 1455 1457 1415)
4(1415 1457 1459 1417)
4(1417 1459 1461 1419)
4(1419 1461 1463 1421)
4(1421 1463 1465 1423)
4(1423 1465 1467 1425)
4(1425 1467 1469 1427)
4(1427 1469 1471 1429)
4(1429 1471 1473 1431)
4(1431 1473 1475 1433)
4(1433 1475 1477 1435)
4(1435 1477 1479 1437)
4(1437 1479 1481 1439)
4(1439 1481 1483 1441)
4(1441 1483 1485 1443)
4(1443 1485 1487 1445)
4(1445 1487 1489 1447)
4(1449 1491 1493 1451)
4(1451 1493 1495 1453)
4(1453 1495 1497 1455)
4(1455 1497 1499 1457)
4(1457 1499 1501 1459)
4(1459 1501 1503 1461)
4(1461 1503 1505 1463)
4(1463 1505 1507 1465)
4(1465 1507 1509 1467)
4(1467 1509 1511 1469)
4(1469 1511 1513 1471)
4(1471 1513 1515 1473)
4(1473 1515 1517 1475)
4(1475 1517 1519 1477)
4(1477 1519 1521 1479)
4(1479 1521 1523 1481)
4(1481 1523 1525 1483)
4(1483 1525 1527 1485)
4(1485 1527 1529 1487)
4(1487 1529 1531 1489)
4(1491 1533 1535 1493)
4(1493 1535 1537 1495)
4(1495 1537 1539 1497)
4(1497 1539 1541 1499)
4(1499 1541 1543 1501)
4(1501 1543 1545 1503)
4(1503 1545 1547 1505)
4(1505 1547 1549 1507)
4(1507 1549 1551 1509)
4(1509 1551 1553 1511)
4(1511 1553 1555 1513)
4(1513 1555 1557 1515)
4(1515 1557 1559 1517)
4(1517 1559 1561 1519)
4(1519 1561 1563 1521)
4(1521 1563 1565 1523)
4(1523 1565 1567 1525)
4(1525 1567 1569 1527)
4(1527 1569 1571 1529)
4(1529 1571 1573 1531)
4(1533 1575 1577 1535)
4(1535 1577 1579 1537)
4(1537 1579 1581 1539)
4(1539 1581 1583 1541)
4(1541 1583 1585 1543)
4(1543 1585 1587 1545)
4(1545 1587 1589 1547)
4(1547 1589 1591 1549)
4(1549 1591 1593 1551)
4(1551 1593 1595 1553)
4(1553 1595 1597 1555)
4(1555 1597 1599 1557)
4(1557 1599 1601 1559)
4(1559 1601 1603 1561)
4(1561 1603 1605 1563)
4(1563 1605 1607 1565)
4(1565 1607 1609 1567)
4(1567 1609 1611 1569)
4(1569 1611 1613 1571)
4(1571 1613 1615 1573)
4(1575 1617 1619 1577)
4(1577 1619 1621 1579)
4(1579 1621 1623 1581)
4(1581 1623 1625 1583)
4(1583 1625 1627 1585)
4(1585 1627 1629 1587)
4(1587 1629 1631 1589)
4(1589 1631 1633 1591)
4(1591 1633 1635 1593)
4(1593 1635 1637 1595)
4(1595 1637 1639 1597)
4(1597 1639 1641 1599)
4(1599 1641 1643 1601)
4(1601 1643 1645 1603)
4(1603 1645 1647 1605)
4(1605 1647 1649 1607)
4(1607 1649 1651 1609)
4(1609 1651 1653 1611)
4(1611 1653 1655 1613)
4(1613 1655 1657 1615)
4(1617 1659 1661 1619)
4(1619 1661 1663 1621)
4(1621 1663 1665 1623)
4(1623 1665 1667 1625)
4(1625 1667 1669 1627)
4(1627 1669 1671 1629)
4(1629 1671 1673 1631)
4(1631 1673 1675 1633)
4(1633 1675 1677 1635)
4(1635 1677 1679 1637)
4(1637 1679 1681 1639)
4(1639 1681 1683 1641)
4(1641 1683 1685 1643)
4(1643 1685 1687 1645)
4(1645 1687 1689 1647)
4(1647 1689 1691 1649)
4(1649 1691 1693 1651)
4(1651 1693 1695 1653)
4(1653 1695 1697 1655)
4(1655 1697 1699 1657)
4(1659 1701 1703 1661)
4(1661 1703 1705 1663)
4(1663 1705 1707 1665)
4(1665 1707 1709 1667)
4(1667 1709 1711 1669)
4(1669 1711 1713 1671)
4(1671 1713 1715 1673)
4(1673 1715 1717 1675)
4(1675 1717 1719 1677)
4(1677 1719 1721 1679)
4(1679 1721 1723 1681)
4(1681 1723 1725 1683)
4(1683 1725 1727 1685)
4(1685 1727 1729 1687)
4(1687 1729 1731 1689)
4(1689 1731 1733 1691)
4(1691 1733 1735 1693)
4(1693 1735 1737 1695)
4(1695 1737 1739 1697)
4(1697 1739 1741 1699)
4(1701 1743 1745 1703)
4(1703 1745 1747 1705)
4(1705 1747 1749 1707)
4(1707 1749 1751 1709)
4(1709 1751 1753 1711)
4(1711 1753 1755 1713)
4(1713 1755 1757 1715)
4(1715 1757 1759 1717)
4(1717 1759 1761 1719)
4(1719 1761 1763 1721)
4(1721 1763 1765 1723)
4(1723 1765 1767 1725)
4(1725 1767 1769 1727)
4(1727 1769 1771 1729)
4(1729 1771 1773 1731)
4(1731 1773 1775 1733)
4(1733 1775 1777 1735)
4(1735 1777 1779 1737)
4(1737 1779 1781 1739)
4(1739 1781 1783 1741)
4(1743 1785 1787 1745)
4(1745 1787 1789 1747)
4(1747 1789 1791 1749)
4(1749 1791 1793 1751)
4(1751 1793 1795 1753)
4(1753 1795 1797 1755)
4(1755 1797 1799 1757)
4(1757 1799 1801 1759)
4(1759 1801 1803 1761)
4(1761 1803 1805 1763)
4(1763 1805 1807 1765)
4(1765 1807 1809 1767)
4(1767 1809 1811 1769)
4(1769 1811 1813 1771)
4(1771 1813 1815 1773)
4(1773 1815 1817 1775)
4(1775 1817 1819 1777)
4(1777 1819 1821 1779)
4(1779 1821 1823 1781)
4(1781 1823 1825 1783)
4(1785 1827 1829 1787)
4(1787 1829 1831 1789)
4(1789 1831 1833 1791)
4(1791 1833 1835 1793)
4(1793 1835 1837 1795)
4(1795 1837 1839 1797)
4(1797 1839 1841 1799)
4(1799 1841 1843 1801)
4(1801 1843 1845 1803)
4(1803 1845 1847 1805)
4(1805 1847 1849 1807)
4(1807 1849 1851 1809)
4(1809 1851 1853 1811)
4(1811 1853 1855 1813)
4(1813 1855 1857 1815)
4(1815 1857 1859 1817)
4(1817 1859 1861 1819)
4(1819 1861 1863 1821)
4(1821 1863 1865 1823)
4(1823 1865 1867 1825)
4(1827 1869 1871 1829)
4(1829 1871 1873 1831)
4(1831 1873 1875 1833)
4(1833 1875 1877 1835)
4(1835 1877 1879 1837)
4(1837 1879 1881 1839)
4(1839 1881 1883 1841)
4(1841 1883 1885 1843)
4(1843 1885 1887 1845)
4(1845 1887 1889 1847)
4(1847 1889 1891 1849)
4(1849 1891 1893 1851)
4(1851 1893 1895 1853)
4(1853 1895 1897 1855)
4(1855 1897 1899 1857)
4(1857 1899 1901 1859)
4(1859 1901 1903 1861)
4(1861 1903 1905 1863)
4(1863 1905 1907 1865)
4(1865 1907 1909 1867)
4(1869 1911 1913 1871)
4(1871 1913 1915 1873)
4(1873 1915 1917 1875)
4(1875 1917 1919 1877)
4(1877 1919 1921 1879)
4(1879 1921 1923 1881)
4(1881 1923 1925 1883)
4(1883 1925 1927 1885)
4(1885 1927 1929 1887)
4(1887 1929 1931 1889)
4(1889 1931 1933 1891)
4(1891 1933 1935 1893)
4(1893 1935 1937 1895)
4(1895 1937 1939 1897)
4(1897 1939 1941 1899)
4(1899 1941 1943 1901)
4(1901 1943 1945 1903)
4(1903 1945 1947 1905)
4(1905 1947 1949 1907)
4(1907 1949 1951 1909)
4(1911 1953 1955 1913)
4(1913 1955 1957 1915)
4(1915 1957 1959 1917)
4(1917 1959 1961 1919)
4(1919 1961 1963 1921)
4(1921 1963 1965 1923)
4(1923 1965 1967 1925)
4(1925 1967 1969 1927)
4(1927 1969 1971 1929)
4(1929 1971 1973 1931)
4(1931 1973 1975 1933)
4(1933 1975 1977 1935)
4(1935 1977 1979 1937)
4(1937 1979 1981 1939)
4(1939 1981 1983 1941)
4(1941 1983 1985 1943)
4(1943 1985 1987 1945)
4(1945 1987 1989 1947)
4(1947 1989 1991 1949)
4(1949 1991 1993 1951)
4(1953 1995 1997 1955)
4(1955 1997 1999 1957)
4(1957 1999 2001 1959)
4(1959 2001 2003 1961)
4(1961 2003 2005 1963)
4(1963 2005 2007 1965)
4(1965 2007 2009 1967)
4(1967 2009 2011 1969)
4(1969 2011 2013 1971)
4(1971 2013 2015 1973)
4(1973 2015 2017 1975)
4(1975 2017 2019 1977)
4(1977 2019 2021 1979)
4(1979 2021 2023 1981)
4(1981 2023 2025 1983)
4(1983 2025 2027 1985)
4(1985 2027 2029 1987)
4(1987 2029 2031 1989)
4(1989 2031 2033 1991)
4(1991 2033 2035 1993)
4(1995 2037 2039 1997)
4(1997 2039 2041 1999)
4(1999 2041 2043 2001)
4(2001 2043 2045 2003)
4(2003 2045 2047 2005)
4(2005 2047 2049 2007)
4(2007 2049 2051 2009)
4(2009 2051 2053 2011)
4(2011 2053 2055 2013)
4(2013 2055 2057 2015)
4(2015 2057 2059 2017)
4(2017 2059 2061 2019)
4(2019 2061 2063 2021)
4(2021 2063 2065 2023)
4(2023 2065 2067 2025)
4(2025 2067 2069 2027)
4(2027 2069 2071 2029)
4(2029 2071 2073 2031)
4(2031 2073 2075 2033)
4(2033 2075 2077 2035)
4(2037 2079 2081 2039)
4(2039 2081 2083 2041)
4(2041 2083 2085 2043)
4(2043 2085 2087 2045)
4(2045 2087 2089 2047)
4(2047 2089 2091 2049)
4(2049 2091 2093 2051)
4(2051 2093 2095 2053)
4(2053 2095 2097 2055)
4(2055 2097 2099 2057)
4(2057 2099 2101 2059)
4(2059 2101 2103 2061)
4(2061 2103 2105 2063)
4(2063 2105 2107 2065)
4(2065 2107 2109 2067)
4(2067 2109 2111 2069)
4(2069 2111 2113 2071)
4(2071 2113 2115 2073)
4(2073 2115 2117 2075)
4(2075 2117 2119 2077)
)


// ************************************************************************* //
