/*--------------------------------*- C++ -*----------------------------------*\
  =========                 |
  \\      /  F ield         | OpenFOAM: The Open Source CFD Toolbox
   \\    /   O peration     | Website:  https://openfoam.org
    \\  /    A nd           | Version:  6
     \\/     M anipulation  |
\*---------------------------------------------------------------------------*/
FoamFile
{
    version     2.0;
    format      ascii;
    class       vectorField;
    location    "constant/polyMesh";
    object      points;
}
// * * * * * * * * * * * * * * * * * * * * * * * * * * * * * * * * * * * * * //


2121
(
(0 0 0)
(0 0.01 0)
(0 0.02 0)
(0 0.03 0)
(0 0.04 0)
(0 0.05 0)
(0 0.06 0)
(0 0.07 0)
(0 0.08 0)
(0 0.09 0)
(0 0.1 0)
(0 0.11 0)
(0 0.12 0)
(0 0.13 0)
(0 0.14 0)
(0 0.15 0)
(0 0.16 0)
(0 0.17 0)
(0 0.18 0)
(0 0.19 0)
(0 0.2 0)
(-8.28e-05 0 0.018)
(8.28e-05 0 0.018)
(-8.28e-05 0.01 0.018)
(8.28e-05 0.01 0.018)
(-8.28e-05 0.02 0.018)
(8.28e-05 0.02 0.018)
(-8.28e-05 0.03 0.018)
(8.28e-05 0.03 0.018)
(-8.28e-05 0.04 0.018)
(8.28e-05 0.04 0.018)
(-8.28e-05 0.05 0.018)
(8.28e-05 0.05 0.018)
(-8.28e-05 0.06 0.018)
(8.28e-05 0.06 0.018)
(-8.28e-05 0.07 0.018)
(8.28e-05 0.07 0.018)
(-8.28e-05 0.08 0.018)
(8.28e-05 0.08 0.018)
(-8.28e-05 0.09 0.018)
(8.28e-05 0.09 0.018)
(-8.28e-05 0.1 0.018)
(8.28e-05 0.1 0.018)
(-8.28e-05 0.11 0.018)
(8.28e-05 0.11 0.018)
(-8.28e-05 0.12 0.018)
(8.28e-05 0.12 0.018)
(-8.28e-05 0.13 0.018)
(8.28e-05 0.13 0.018)
(-8.28e-05 0.14 0.018)
(8.28e-05 0.14 0.018)
(-8.28e-05 0.15 0.018)
(8.28e-05 0.15 0.018)
(-8.28e-05 0.16 0.018)
(8.28e-05 0.16 0.018)
(-8.28e-05 0.17 0.018)
(8.28e-05 0.17 0.018)
(-8.28e-05 0.18 0.018)
(8.28e-05 0.18 0.018)
(-8.28e-05 0.19 0.018)
(8.28e-05 0.19 0.018)
(-8.28e-05 0.2 0.018)
(8.28e-05 0.2 0.018)
(-0.0001656 0 0.036)
(0.0001656 0 0.036)
(-0.0001656 0.01 0.036)
(0.0001656 0.01 0.036)
(-0.0001656 0.02 0.036)
(0.0001656 0.02 0.036)
(-0.0001656 0.03 0.036)
(0.0001656 0.03 0.036)
(-0.0001656 0.04 0.036)
(0.0001656 0.04 0.036)
(-0.0001656 0.05 0.036)
(0.0001656 0.05 0.036)
(-0.0001656 0.06 0.036)
(0.0001656 0.06 0.036)
(-0.0001656 0.07 0.036)
(0.0001656 0.07 0.036)
(-0.0001656 0.08 0.036)
(0.0001656 0.08 0.036)
(-0.0001656 0.09 0.036)
(0.0001656 0.09 0.036)
(-0.0001656 0.1 0.036)
(0.0001656 0.1 0.036)
(-0.0001656 0.11 0.036)
(0.0001656 0.11 0.036)
(-0.0001656 0.12 0.036)
(0.0001656 0.12 0.036)
(-0.0001656 0.13 0.036)
(0.0001656 0.13 0.036)
(-0.0001656 0.14 0.036)
(0.0001656 0.14 0.036)
(-0.0001656 0.15 0.036)
(0.0001656 0.15 0.036)
(-0.0001656 0.16 0.036)
(0.0001656 0.16 0.036)
(-0.0001656 0.17 0.036)
(0.0001656 0.17 0.036)
(-0.0001656 0.18 0.036)
(0.0001656 0.18 0.036)
(-0.0001656 0.19 0.036)
(0.0001656 0.19 0.036)
(-0.0001656 0.2 0.036)
(0.0001656 0.2 0.036)
(-0.0002484 0 0.054)
(0.0002484 0 0.054)
(-0.0002484 0.01 0.054)
(0.0002484 0.01 0.054)
(-0.0002484 0.02 0.054)
(0.0002484 0.02 0.054)
(-0.0002484 0.03 0.054)
(0.0002484 0.03 0.054)
(-0.0002484 0.04 0.054)
(0.0002484 0.04 0.054)
(-0.0002484 0.05 0.054)
(0.0002484 0.05 0.054)
(-0.0002484 0.06 0.054)
(0.0002484 0.06 0.054)
(-0.0002484 0.07 0.054)
(0.0002484 0.07 0.054)
(-0.0002484 0.08 0.054)
(0.0002484 0.08 0.054)
(-0.0002484 0.09 0.054)
(0.0002484 0.09 0.054)
(-0.0002484 0.1 0.054)
(0.0002484 0.1 0.054)
(-0.0002484 0.11 0.054)
(0.0002484 0.11 0.054)
(-0.0002484 0.12 0.054)
(0.0002484 0.12 0.054)
(-0.0002484 0.13 0.054)
(0.0002484 0.13 0.054)
(-0.0002484 0.14 0.054)
(0.0002484 0.14 0.054)
(-0.0002484 0.15 0.054)
(0.0002484 0.15 0.054)
(-0.0002484 0.16 0.054)
(0.0002484 0.16 0.054)
(-0.0002484 0.17 0.054)
(0.0002484 0.17 0.054)
(-0.0002484 0.18 0.054)
(0.0002484 0.18 0.054)
(-0.0002484 0.19 0.054)
(0.0002484 0.19 0.054)
(-0.0002484 0.2 0.054)
(0.0002484 0.2 0.054)
(-0.0003312 0 0.072)
(0.0003312 0 0.072)
(-0.0003312 0.01 0.072)
(0.0003312 0.01 0.072)
(-0.0003312 0.02 0.072)
(0.0003312 0.02 0.072)
(-0.0003312 0.03 0.072)
(0.0003312 0.03 0.072)
(-0.0003312 0.04 0.072)
(0.0003312 0.04 0.072)
(-0.0003312 0.05 0.072)
(0.0003312 0.05 0.072)
(-0.0003312 0.06 0.072)
(0.0003312 0.06 0.072)
(-0.0003312 0.07 0.072)
(0.0003312 0.07 0.072)
(-0.0003312 0.08 0.072)
(0.0003312 0.08 0.072)
(-0.0003312 0.09 0.072)
(0.0003312 0.09 0.072)
(-0.0003312 0.1 0.072)
(0.0003312 0.1 0.072)
(-0.0003312 0.11 0.072)
(0.0003312 0.11 0.072)
(-0.0003312 0.12 0.072)
(0.0003312 0.12 0.072)
(-0.0003312 0.13 0.072)
(0.0003312 0.13 0.072)
(-0.0003312 0.14 0.072)
(0.0003312 0.14 0.072)
(-0.0003312 0.15 0.072)
(0.0003312 0.15 0.072)
(-0.0003312 0.16 0.072)
(0.0003312 0.16 0.072)
(-0.0003312 0.17 0.072)
(0.0003312 0.17 0.072)
(-0.0003312 0.18 0.072)
(0.0003312 0.18 0.072)
(-0.0003312 0.19 0.072)
(0.0003312 0.19 0.072)
(-0.0003312 0.2 0.072)
(0.0003312 0.2 0.072)
(-0.000414 0 0.09)
(0.000414 0 0.09)
(-0.000414 0.01 0.09)
(0.000414 0.01 0.09)
(-0.000414 0.02 0.09)
(0.000414 0.02 0.09)
(-0.000414 0.03 0.09)
(0.000414 0.03 0.09)
(-0.000414 0.04 0.09)
(0.000414 0.04 0.09)
(-0.000414 0.05 0.09)
(0.000414 0.05 0.09)
(-0.000414 0.06 0.09)
(0.000414 0.06 0.09)
(-0.000414 0.07 0.09)
(0.000414 0.07 0.09)
(-0.000414 0.08 0.09)
(0.000414 0.08 0.09)
(-0.000414 0.09 0.09)
(0.000414 0.09 0.09)
(-0.000414 0.1 0.09)
(0.000414 0.1 0.09)
(-0.000414 0.11 0.09)
(0.000414 0.11 0.09)
(-0.000414 0.12 0.09)
(0.000414 0.12 0.09)
(-0.000414 0.13 0.09)
(0.000414 0.13 0.09)
(-0.000414 0.14 0.09)
(0.000414 0.14 0.09)
(-0.000414 0.15 0.09)
(0.000414 0.15 0.09)
(-0.000414 0.16 0.09)
(0.000414 0.16 0.09)
(-0.000414 0.17 0.09)
(0.000414 0.17 0.09)
(-0.000414 0.18 0.09)
(0.000414 0.18 0.09)
(-0.000414 0.19 0.09)
(0.000414 0.19 0.09)
(-0.000414 0.2 0.09)
(0.000414 0.2 0.09)
(-0.0004968 0 0.108)
(0.0004968 0 0.108)
(-0.0004968 0.01 0.108)
(0.0004968 0.01 0.108)
(-0.0004968 0.02 0.108)
(0.0004968 0.02 0.108)
(-0.0004968 0.03 0.108)
(0.0004968 0.03 0.108)
(-0.0004968 0.04 0.108)
(0.0004968 0.04 0.108)
(-0.0004968 0.05 0.108)
(0.0004968 0.05 0.108)
(-0.0004968 0.06 0.108)
(0.0004968 0.06 0.108)
(-0.0004968 0.07 0.108)
(0.0004968 0.07 0.108)
(-0.0004968 0.08 0.108)
(0.0004968 0.08 0.108)
(-0.0004968 0.09 0.108)
(0.0004968 0.09 0.108)
(-0.0004968 0.1 0.108)
(0.0004968 0.1 0.108)
(-0.0004968 0.11 0.108)
(0.0004968 0.11 0.108)
(-0.0004968 0.12 0.108)
(0.0004968 0.12 0.108)
(-0.0004968 0.13 0.108)
(0.0004968 0.13 0.108)
(-0.0004968 0.14 0.108)
(0.0004968 0.14 0.108)
(-0.0004968 0.15 0.108)
(0.0004968 0.15 0.108)
(-0.0004968 0.16 0.108)
(0.0004968 0.16 0.108)
(-0.0004968 0.17 0.108)
(0.0004968 0.17 0.108)
(-0.0004968 0.18 0.108)
(0.0004968 0.18 0.108)
(-0.0004968 0.19 0.108)
(0.0004968 0.19 0.108)
(-0.0004968 0.2 0.108)
(0.0004968 0.2 0.108)
(-0.0005796 0 0.126)
(0.0005796 0 0.126)
(-0.0005796 0.01 0.126)
(0.0005796 0.01 0.126)
(-0.0005796 0.02 0.126)
(0.0005796 0.02 0.126)
(-0.0005796 0.03 0.126)
(0.0005796 0.03 0.126)
(-0.0005796 0.04 0.126)
(0.0005796 0.04 0.126)
(-0.0005796 0.05 0.126)
(0.0005796 0.05 0.126)
(-0.0005796 0.06 0.126)
(0.0005796 0.06 0.126)
(-0.0005796 0.07 0.126)
(0.0005796 0.07 0.126)
(-0.0005796 0.08 0.126)
(0.0005796 0.08 0.126)
(-0.0005796 0.09 0.126)
(0.0005796 0.09 0.126)
(-0.0005796 0.1 0.126)
(0.0005796 0.1 0.126)
(-0.0005796 0.11 0.126)
(0.0005796 0.11 0.126)
(-0.0005796 0.12 0.126)
(0.0005796 0.12 0.126)
(-0.0005796 0.13 0.126)
(0.0005796 0.13 0.126)
(-0.0005796 0.14 0.126)
(0.0005796 0.14 0.126)
(-0.0005796 0.15 0.126)
(0.0005796 0.15 0.126)
(-0.0005796 0.16 0.126)
(0.0005796 0.16 0.126)
(-0.0005796 0.17 0.126)
(0.0005796 0.17 0.126)
(-0.0005796 0.18 0.126)
(0.0005796 0.18 0.126)
(-0.0005796 0.19 0.126)
(0.0005796 0.19 0.126)
(-0.0005796 0.2 0.126)
(0.0005796 0.2 0.126)
(-0.0006624 0 0.144)
(0.0006624 0 0.144)
(-0.0006624 0.01 0.144)
(0.0006624 0.01 0.144)
(-0.0006624 0.02 0.144)
(0.0006624 0.02 0.144)
(-0.0006624 0.03 0.144)
(0.0006624 0.03 0.144)
(-0.0006624 0.04 0.144)
(0.0006624 0.04 0.144)
(-0.0006624 0.05 0.144)
(0.0006624 0.05 0.144)
(-0.0006624 0.06 0.144)
(0.0006624 0.06 0.144)
(-0.0006624 0.07 0.144)
(0.0006624 0.07 0.144)
(-0.0006624 0.08 0.144)
(0.0006624 0.08 0.144)
(-0.0006624 0.09 0.144)
(0.0006624 0.09 0.144)
(-0.0006624 0.1 0.144)
(0.0006624 0.1 0.144)
(-0.0006624 0.11 0.144)
(0.0006624 0.11 0.144)
(-0.0006624 0.12 0.144)
(0.0006624 0.12 0.144)
(-0.0006624 0.13 0.144)
(0.0006624 0.13 0.144)
(-0.0006624 0.14 0.144)
(0.0006624 0.14 0.144)
(-0.0006624 0.15 0.144)
(0.0006624 0.15 0.144)
(-0.0006624 0.16 0.144)
(0.0006624 0.16 0.144)
(-0.0006624 0.17 0.144)
(0.0006624 0.17 0.144)
(-0.0006624 0.18 0.144)
(0.0006624 0.18 0.144)
(-0.0006624 0.19 0.144)
(0.0006624 0.19 0.144)
(-0.0006624 0.2 0.144)
(0.0006624 0.2 0.144)
(-0.0007452 0 0.162)
(0.0007452 0 0.162)
(-0.0007452 0.01 0.162)
(0.0007452 0.01 0.162)
(-0.0007452 0.02 0.162)
(0.0007452 0.02 0.162)
(-0.0007452 0.03 0.162)
(0.0007452 0.03 0.162)
(-0.0007452 0.04 0.162)
(0.0007452 0.04 0.162)
(-0.0007452 0.05 0.162)
(0.0007452 0.05 0.162)
(-0.0007452 0.06 0.162)
(0.0007452 0.06 0.162)
(-0.0007452 0.07 0.162)
(0.0007452 0.07 0.162)
(-0.0007452 0.08 0.162)
(0.0007452 0.08 0.162)
(-0.0007452 0.09 0.162)
(0.0007452 0.09 0.162)
(-0.0007452 0.1 0.162)
(0.0007452 0.1 0.162)
(-0.0007452 0.11 0.162)
(0.0007452 0.11 0.162)
(-0.0007452 0.12 0.162)
(0.0007452 0.12 0.162)
(-0.0007452 0.13 0.162)
(0.0007452 0.13 0.162)
(-0.0007452 0.14 0.162)
(0.0007452 0.14 0.162)
(-0.0007452 0.15 0.162)
(0.0007452 0.15 0.162)
(-0.0007452 0.16 0.162)
(0.0007452 0.16 0.162)
(-0.0007452 0.17 0.162)
(0.0007452 0.17 0.162)
(-0.0007452 0.18 0.162)
(0.0007452 0.18 0.162)
(-0.0007452 0.19 0.162)
(0.0007452 0.19 0.162)
(-0.0007452 0.2 0.162)
(0.0007452 0.2 0.162)
(-0.000828 0 0.18)
(0.000828 0 0.18)
(-0.000828 0.01 0.18)
(0.000828 0.01 0.18)
(-0.000828 0.02 0.18)
(0.000828 0.02 0.18)
(-0.000828 0.03 0.18)
(0.000828 0.03 0.18)
(-0.000828 0.04 0.18)
(0.000828 0.04 0.18)
(-0.000828 0.05 0.18)
(0.000828 0.05 0.18)
(-0.000828 0.06 0.18)
(0.000828 0.06 0.18)
(-0.000828 0.07 0.18)
(0.000828 0.07 0.18)
(-0.000828 0.08 0.18)
(0.000828 0.08 0.18)
(-0.000828 0.09 0.18)
(0.000828 0.09 0.18)
(-0.000828 0.1 0.18)
(0.000828 0.1 0.18)
(-0.000828 0.11 0.18)
(0.000828 0.11 0.18)
(-0.000828 0.12 0.18)
(0.000828 0.12 0.18)
(-0.000828 0.13 0.18)
(0.000828 0.13 0.18)
(-0.000828 0.14 0.18)
(0.000828 0.14 0.18)
(-0.000828 0.15 0.18)
(0.000828 0.15 0.18)
(-0.000828 0.16 0.18)
(0.000828 0.16 0.18)
(-0.000828 0.17 0.18)
(0.000828 0.17 0.18)
(-0.000828 0.18 0.18)
(0.000828 0.18 0.18)
(-0.000828 0.19 0.18)
(0.000828 0.19 0.18)
(-0.000828 0.2 0.18)
(0.000828 0.2 0.18)
(-0.0009108 0 0.198)
(0.0009108 0 0.198)
(-0.0009108 0.01 0.198)
(0.0009108 0.01 0.198)
(-0.0009108 0.02 0.198)
(0.0009108 0.02 0.198)
(-0.0009108 0.03 0.198)
(0.0009108 0.03 0.198)
(-0.0009108 0.04 0.198)
(0.0009108 0.04 0.198)
(-0.0009108 0.05 0.198)
(0.0009108 0.05 0.198)
(-0.0009108 0.06 0.198)
(0.0009108 0.06 0.198)
(-0.0009108 0.07 0.198)
(0.0009108 0.07 0.198)
(-0.0009108 0.08 0.198)
(0.0009108 0.08 0.198)
(-0.0009108 0.09 0.198)
(0.0009108 0.09 0.198)
(-0.0009108 0.1 0.198)
(0.0009108 0.1 0.198)
(-0.0009108 0.11 0.198)
(0.0009108 0.11 0.198)
(-0.0009108 0.12 0.198)
(0.0009108 0.12 0.198)
(-0.0009108 0.13 0.198)
(0.0009108 0.13 0.198)
(-0.0009108 0.14 0.198)
(0.0009108 0.14 0.198)
(-0.0009108 0.15 0.198)
(0.0009108 0.15 0.198)
(-0.0009108 0.16 0.198)
(0.0009108 0.16 0.198)
(-0.0009108 0.17 0.198)
(0.0009108 0.17 0.198)
(-0.0009108 0.18 0.198)
(0.0009108 0.18 0.198)
(-0.0009108 0.19 0.198)
(0.0009108 0.19 0.198)
(-0.0009108 0.2 0.198)
(0.0009108 0.2 0.198)
(-0.0009936 0 0.216)
(0.0009936 0 0.216)
(-0.0009936 0.01 0.216)
(0.0009936 0.01 0.216)
(-0.0009936 0.02 0.216)
(0.0009936 0.02 0.216)
(-0.0009936 0.03 0.216)
(0.0009936 0.03 0.216)
(-0.0009936 0.04 0.216)
(0.0009936 0.04 0.216)
(-0.0009936 0.05 0.216)
(0.0009936 0.05 0.216)
(-0.0009936 0.06 0.216)
(0.0009936 0.06 0.216)
(-0.0009936 0.07 0.216)
(0.0009936 0.07 0.216)
(-0.0009936 0.08 0.216)
(0.0009936 0.08 0.216)
(-0.0009936 0.09 0.216)
(0.0009936 0.09 0.216)
(-0.0009936 0.1 0.216)
(0.0009936 0.1 0.216)
(-0.0009936 0.11 0.216)
(0.0009936 0.11 0.216)
(-0.0009936 0.12 0.216)
(0.0009936 0.12 0.216)
(-0.0009936 0.13 0.216)
(0.0009936 0.13 0.216)
(-0.0009936 0.14 0.216)
(0.0009936 0.14 0.216)
(-0.0009936 0.15 0.216)
(0.0009936 0.15 0.216)
(-0.0009936 0.16 0.216)
(0.0009936 0.16 0.216)
(-0.0009936 0.17 0.216)
(0.0009936 0.17 0.216)
(-0.0009936 0.18 0.216)
(0.0009936 0.18 0.216)
(-0.0009936 0.19 0.216)
(0.0009936 0.19 0.216)
(-0.0009936 0.2 0.216)
(0.0009936 0.2 0.216)
(-0.0010764 0 0.234)
(0.0010764 0 0.234)
(-0.0010764 0.01 0.234)
(0.0010764 0.01 0.234)
(-0.0010764 0.02 0.234)
(0.0010764 0.02 0.234)
(-0.0010764 0.03 0.234)
(0.0010764 0.03 0.234)
(-0.0010764 0.04 0.234)
(0.0010764 0.04 0.234)
(-0.0010764 0.05 0.234)
(0.0010764 0.05 0.234)
(-0.0010764 0.06 0.234)
(0.0010764 0.06 0.234)
(-0.0010764 0.07 0.234)
(0.0010764 0.07 0.234)
(-0.0010764 0.08 0.234)
(0.0010764 0.08 0.234)
(-0.0010764 0.09 0.234)
(0.0010764 0.09 0.234)
(-0.0010764 0.1 0.234)
(0.0010764 0.1 0.234)
(-0.0010764 0.11 0.234)
(0.0010764 0.11 0.234)
(-0.0010764 0.12 0.234)
(0.0010764 0.12 0.234)
(-0.0010764 0.13 0.234)
(0.0010764 0.13 0.234)
(-0.0010764 0.14 0.234)
(0.0010764 0.14 0.234)
(-0.0010764 0.15 0.234)
(0.0010764 0.15 0.234)
(-0.0010764 0.16 0.234)
(0.0010764 0.16 0.234)
(-0.0010764 0.17 0.234)
(0.0010764 0.17 0.234)
(-0.0010764 0.18 0.234)
(0.0010764 0.18 0.234)
(-0.0010764 0.19 0.234)
(0.0010764 0.19 0.234)
(-0.0010764 0.2 0.234)
(0.0010764 0.2 0.234)
(-0.0011592 0 0.252)
(0.0011592 0 0.252)
(-0.0011592 0.01 0.252)
(0.0011592 0.01 0.252)
(-0.0011592 0.02 0.252)
(0.0011592 0.02 0.252)
(-0.0011592 0.03 0.252)
(0.0011592 0.03 0.252)
(-0.0011592 0.04 0.252)
(0.0011592 0.04 0.252)
(-0.0011592 0.05 0.252)
(0.0011592 0.05 0.252)
(-0.0011592 0.06 0.252)
(0.0011592 0.06 0.252)
(-0.0011592 0.07 0.252)
(0.0011592 0.07 0.252)
(-0.0011592 0.08 0.252)
(0.0011592 0.08 0.252)
(-0.0011592 0.09 0.252)
(0.0011592 0.09 0.252)
(-0.0011592 0.1 0.252)
(0.0011592 0.1 0.252)
(-0.0011592 0.11 0.252)
(0.0011592 0.11 0.252)
(-0.0011592 0.12 0.252)
(0.0011592 0.12 0.252)
(-0.0011592 0.13 0.252)
(0.0011592 0.13 0.252)
(-0.0011592 0.14 0.252)
(0.0011592 0.14 0.252)
(-0.0011592 0.15 0.252)
(0.0011592 0.15 0.252)
(-0.0011592 0.16 0.252)
(0.0011592 0.16 0.252)
(-0.0011592 0.17 0.252)
(0.0011592 0.17 0.252)
(-0.0011592 0.18 0.252)
(0.0011592 0.18 0.252)
(-0.0011592 0.19 0.252)
(0.0011592 0.19 0.252)
(-0.0011592 0.2 0.252)
(0.0011592 0.2 0.252)
(-0.001242 0 0.27)
(0.001242 0 0.27)
(-0.001242 0.01 0.27)
(0.001242 0.01 0.27)
(-0.001242 0.02 0.27)
(0.001242 0.02 0.27)
(-0.001242 0.03 0.27)
(0.001242 0.03 0.27)
(-0.001242 0.04 0.27)
(0.001242 0.04 0.27)
(-0.001242 0.05 0.27)
(0.001242 0.05 0.27)
(-0.001242 0.06 0.27)
(0.001242 0.06 0.27)
(-0.001242 0.07 0.27)
(0.001242 0.07 0.27)
(-0.001242 0.08 0.27)
(0.001242 0.08 0.27)
(-0.001242 0.09 0.27)
(0.001242 0.09 0.27)
(-0.001242 0.1 0.27)
(0.001242 0.1 0.27)
(-0.001242 0.11 0.27)
(0.001242 0.11 0.27)
(-0.001242 0.12 0.27)
(0.001242 0.12 0.27)
(-0.001242 0.13 0.27)
(0.001242 0.13 0.27)
(-0.001242 0.14 0.27)
(0.001242 0.14 0.27)
(-0.001242 0.15 0.27)
(0.001242 0.15 0.27)
(-0.001242 0.16 0.27)
(0.001242 0.16 0.27)
(-0.001242 0.17 0.27)
(0.001242 0.17 0.27)
(-0.001242 0.18 0.27)
(0.001242 0.18 0.27)
(-0.001242 0.19 0.27)
(0.001242 0.19 0.27)
(-0.001242 0.2 0.27)
(0.001242 0.2 0.27)
(-0.0013248 0 0.288)
(0.0013248 0 0.288)
(-0.0013248 0.01 0.288)
(0.0013248 0.01 0.288)
(-0.0013248 0.02 0.288)
(0.0013248 0.02 0.288)
(-0.0013248 0.03 0.288)
(0.0013248 0.03 0.288)
(-0.0013248 0.04 0.288)
(0.0013248 0.04 0.288)
(-0.0013248 0.05 0.288)
(0.0013248 0.05 0.288)
(-0.0013248 0.06 0.288)
(0.0013248 0.06 0.288)
(-0.0013248 0.07 0.288)
(0.0013248 0.07 0.288)
(-0.0013248 0.08 0.288)
(0.0013248 0.08 0.288)
(-0.0013248 0.09 0.288)
(0.0013248 0.09 0.288)
(-0.0013248 0.1 0.288)
(0.0013248 0.1 0.288)
(-0.0013248 0.11 0.288)
(0.0013248 0.11 0.288)
(-0.0013248 0.12 0.288)
(0.0013248 0.12 0.288)
(-0.0013248 0.13 0.288)
(0.0013248 0.13 0.288)
(-0.0013248 0.14 0.288)
(0.0013248 0.14 0.288)
(-0.0013248 0.15 0.288)
(0.0013248 0.15 0.288)
(-0.0013248 0.16 0.288)
(0.0013248 0.16 0.288)
(-0.0013248 0.17 0.288)
(0.0013248 0.17 0.288)
(-0.0013248 0.18 0.288)
(0.0013248 0.18 0.288)
(-0.0013248 0.19 0.288)
(0.0013248 0.19 0.288)
(-0.0013248 0.2 0.288)
(0.0013248 0.2 0.288)
(-0.0014076 0 0.306)
(0.0014076 0 0.306)
(-0.0014076 0.01 0.306)
(0.0014076 0.01 0.306)
(-0.0014076 0.02 0.306)
(0.0014076 0.02 0.306)
(-0.0014076 0.03 0.306)
(0.0014076 0.03 0.306)
(-0.0014076 0.04 0.306)
(0.0014076 0.04 0.306)
(-0.0014076 0.05 0.306)
(0.0014076 0.05 0.306)
(-0.0014076 0.06 0.306)
(0.0014076 0.06 0.306)
(-0.0014076 0.07 0.306)
(0.0014076 0.07 0.306)
(-0.0014076 0.08 0.306)
(0.0014076 0.08 0.306)
(-0.0014076 0.09 0.306)
(0.0014076 0.09 0.306)
(-0.0014076 0.1 0.306)
(0.0014076 0.1 0.306)
(-0.0014076 0.11 0.306)
(0.0014076 0.11 0.306)
(-0.0014076 0.12 0.306)
(0.0014076 0.12 0.306)
(-0.0014076 0.13 0.306)
(0.0014076 0.13 0.306)
(-0.0014076 0.14 0.306)
(0.0014076 0.14 0.306)
(-0.0014076 0.15 0.306)
(0.0014076 0.15 0.306)
(-0.0014076 0.16 0.306)
(0.0014076 0.16 0.306)
(-0.0014076 0.17 0.306)
(0.0014076 0.17 0.306)
(-0.0014076 0.18 0.306)
(0.0014076 0.18 0.306)
(-0.0014076 0.19 0.306)
(0.0014076 0.19 0.306)
(-0.0014076 0.2 0.306)
(0.0014076 0.2 0.306)
(-0.0014904 0 0.324)
(0.0014904 0 0.324)
(-0.0014904 0.01 0.324)
(0.0014904 0.01 0.324)
(-0.0014904 0.02 0.324)
(0.0014904 0.02 0.324)
(-0.0014904 0.03 0.324)
(0.0014904 0.03 0.324)
(-0.0014904 0.04 0.324)
(0.0014904 0.04 0.324)
(-0.0014904 0.05 0.324)
(0.0014904 0.05 0.324)
(-0.0014904 0.06 0.324)
(0.0014904 0.06 0.324)
(-0.0014904 0.07 0.324)
(0.0014904 0.07 0.324)
(-0.0014904 0.08 0.324)
(0.0014904 0.08 0.324)
(-0.0014904 0.09 0.324)
(0.0014904 0.09 0.324)
(-0.0014904 0.1 0.324)
(0.0014904 0.1 0.324)
(-0.0014904 0.11 0.324)
(0.0014904 0.11 0.324)
(-0.0014904 0.12 0.324)
(0.0014904 0.12 0.324)
(-0.0014904 0.13 0.324)
(0.0014904 0.13 0.324)
(-0.0014904 0.14 0.324)
(0.0014904 0.14 0.324)
(-0.0014904 0.15 0.324)
(0.0014904 0.15 0.324)
(-0.0014904 0.16 0.324)
(0.0014904 0.16 0.324)
(-0.0014904 0.17 0.324)
(0.0014904 0.17 0.324)
(-0.0014904 0.18 0.324)
(0.0014904 0.18 0.324)
(-0.0014904 0.19 0.324)
(0.0014904 0.19 0.324)
(-0.0014904 0.2 0.324)
(0.0014904 0.2 0.324)
(-0.0015732 0 0.342)
(0.0015732 0 0.342)
(-0.0015732 0.01 0.342)
(0.0015732 0.01 0.342)
(-0.0015732 0.02 0.342)
(0.0015732 0.02 0.342)
(-0.0015732 0.03 0.342)
(0.0015732 0.03 0.342)
(-0.0015732 0.04 0.342)
(0.0015732 0.04 0.342)
(-0.0015732 0.05 0.342)
(0.0015732 0.05 0.342)
(-0.0015732 0.06 0.342)
(0.0015732 0.06 0.342)
(-0.0015732 0.07 0.342)
(0.0015732 0.07 0.342)
(-0.0015732 0.08 0.342)
(0.0015732 0.08 0.342)
(-0.0015732 0.09 0.342)
(0.0015732 0.09 0.342)
(-0.0015732 0.1 0.342)
(0.0015732 0.1 0.342)
(-0.0015732 0.11 0.342)
(0.0015732 0.11 0.342)
(-0.0015732 0.12 0.342)
(0.0015732 0.12 0.342)
(-0.0015732 0.13 0.342)
(0.0015732 0.13 0.342)
(-0.0015732 0.14 0.342)
(0.0015732 0.14 0.342)
(-0.0015732 0.15 0.342)
(0.0015732 0.15 0.342)
(-0.0015732 0.16 0.342)
(0.0015732 0.16 0.342)
(-0.0015732 0.17 0.342)
(0.0015732 0.17 0.342)
(-0.0015732 0.18 0.342)
(0.0015732 0.18 0.342)
(-0.0015732 0.19 0.342)
(0.0015732 0.19 0.342)
(-0.0015732 0.2 0.342)
(0.0015732 0.2 0.342)
(-0.001656 0 0.36)
(0.001656 0 0.36)
(-0.001656 0.01 0.36)
(0.001656 0.01 0.36)
(-0.001656 0.02 0.36)
(0.001656 0.02 0.36)
(-0.001656 0.03 0.36)
(0.001656 0.03 0.36)
(-0.001656 0.04 0.36)
(0.001656 0.04 0.36)
(-0.001656 0.05 0.36)
(0.001656 0.05 0.36)
(-0.001656 0.06 0.36)
(0.001656 0.06 0.36)
(-0.001656 0.07 0.36)
(0.001656 0.07 0.36)
(-0.001656 0.08 0.36)
(0.001656 0.08 0.36)
(-0.001656 0.09 0.36)
(0.001656 0.09 0.36)
(-0.001656 0.1 0.36)
(0.001656 0.1 0.36)
(-0.001656 0.11 0.36)
(0.001656 0.11 0.36)
(-0.001656 0.12 0.36)
(0.001656 0.12 0.36)
(-0.001656 0.13 0.36)
(0.001656 0.13 0.36)
(-0.001656 0.14 0.36)
(0.001656 0.14 0.36)
(-0.001656 0.15 0.36)
(0.001656 0.15 0.36)
(-0.001656 0.16 0.36)
(0.001656 0.16 0.36)
(-0.001656 0.17 0.36)
(0.001656 0.17 0.36)
(-0.001656 0.18 0.36)
(0.001656 0.18 0.36)
(-0.001656 0.19 0.36)
(0.001656 0.19 0.36)
(-0.001656 0.2 0.36)
(0.001656 0.2 0.36)
(-0.0017388 0 0.378)
(0.0017388 0 0.378)
(-0.0017388 0.01 0.378)
(0.0017388 0.01 0.378)
(-0.0017388 0.02 0.378)
(0.0017388 0.02 0.378)
(-0.0017388 0.03 0.378)
(0.0017388 0.03 0.378)
(-0.0017388 0.04 0.378)
(0.0017388 0.04 0.378)
(-0.0017388 0.05 0.378)
(0.0017388 0.05 0.378)
(-0.0017388 0.06 0.378)
(0.0017388 0.06 0.378)
(-0.0017388 0.07 0.378)
(0.0017388 0.07 0.378)
(-0.0017388 0.08 0.378)
(0.0017388 0.08 0.378)
(-0.0017388 0.09 0.378)
(0.0017388 0.09 0.378)
(-0.0017388 0.1 0.378)
(0.0017388 0.1 0.378)
(-0.0017388 0.11 0.378)
(0.0017388 0.11 0.378)
(-0.0017388 0.12 0.378)
(0.0017388 0.12 0.378)
(-0.0017388 0.13 0.378)
(0.0017388 0.13 0.378)
(-0.0017388 0.14 0.378)
(0.0017388 0.14 0.378)
(-0.0017388 0.15 0.378)
(0.0017388 0.15 0.378)
(-0.0017388 0.16 0.378)
(0.0017388 0.16 0.378)
(-0.0017388 0.17 0.378)
(0.0017388 0.17 0.378)
(-0.0017388 0.18 0.378)
(0.0017388 0.18 0.378)
(-0.0017388 0.19 0.378)
(0.0017388 0.19 0.378)
(-0.0017388 0.2 0.378)
(0.0017388 0.2 0.378)
(-0.0018216 0 0.396)
(0.0018216 0 0.396)
(-0.0018216 0.01 0.396)
(0.0018216 0.01 0.396)
(-0.0018216 0.02 0.396)
(0.0018216 0.02 0.396)
(-0.0018216 0.03 0.396)
(0.0018216 0.03 0.396)
(-0.0018216 0.04 0.396)
(0.0018216 0.04 0.396)
(-0.0018216 0.05 0.396)
(0.0018216 0.05 0.396)
(-0.0018216 0.06 0.396)
(0.0018216 0.06 0.396)
(-0.0018216 0.07 0.396)
(0.0018216 0.07 0.396)
(-0.0018216 0.08 0.396)
(0.0018216 0.08 0.396)
(-0.0018216 0.09 0.396)
(0.0018216 0.09 0.396)
(-0.0018216 0.1 0.396)
(0.0018216 0.1 0.396)
(-0.0018216 0.11 0.396)
(0.0018216 0.11 0.396)
(-0.0018216 0.12 0.396)
(0.0018216 0.12 0.396)
(-0.0018216 0.13 0.396)
(0.0018216 0.13 0.396)
(-0.0018216 0.14 0.396)
(0.0018216 0.14 0.396)
(-0.0018216 0.15 0.396)
(0.0018216 0.15 0.396)
(-0.0018216 0.16 0.396)
(0.0018216 0.16 0.396)
(-0.0018216 0.17 0.396)
(0.0018216 0.17 0.396)
(-0.0018216 0.18 0.396)
(0.0018216 0.18 0.396)
(-0.0018216 0.19 0.396)
(0.0018216 0.19 0.396)
(-0.0018216 0.2 0.396)
(0.0018216 0.2 0.396)
(-0.0019044 0 0.414)
(0.0019044 0 0.414)
(-0.0019044 0.01 0.414)
(0.0019044 0.01 0.414)
(-0.0019044 0.02 0.414)
(0.0019044 0.02 0.414)
(-0.0019044 0.03 0.414)
(0.0019044 0.03 0.414)
(-0.0019044 0.04 0.414)
(0.0019044 0.04 0.414)
(-0.0019044 0.05 0.414)
(0.0019044 0.05 0.414)
(-0.0019044 0.06 0.414)
(0.0019044 0.06 0.414)
(-0.0019044 0.07 0.414)
(0.0019044 0.07 0.414)
(-0.0019044 0.08 0.414)
(0.0019044 0.08 0.414)
(-0.0019044 0.09 0.414)
(0.0019044 0.09 0.414)
(-0.0019044 0.1 0.414)
(0.0019044 0.1 0.414)
(-0.0019044 0.11 0.414)
(0.0019044 0.11 0.414)
(-0.0019044 0.12 0.414)
(0.0019044 0.12 0.414)
(-0.0019044 0.13 0.414)
(0.0019044 0.13 0.414)
(-0.0019044 0.14 0.414)
(0.0019044 0.14 0.414)
(-0.0019044 0.15 0.414)
(0.0019044 0.15 0.414)
(-0.0019044 0.16 0.414)
(0.0019044 0.16 0.414)
(-0.0019044 0.17 0.414)
(0.0019044 0.17 0.414)
(-0.0019044 0.18 0.414)
(0.0019044 0.18 0.414)
(-0.0019044 0.19 0.414)
(0.0019044 0.19 0.414)
(-0.0019044 0.2 0.414)
(0.0019044 0.2 0.414)
(-0.0019872 0 0.432)
(0.0019872 0 0.432)
(-0.0019872 0.01 0.432)
(0.0019872 0.01 0.432)
(-0.0019872 0.02 0.432)
(0.0019872 0.02 0.432)
(-0.0019872 0.03 0.432)
(0.0019872 0.03 0.432)
(-0.0019872 0.04 0.432)
(0.0019872 0.04 0.432)
(-0.0019872 0.05 0.432)
(0.0019872 0.05 0.432)
(-0.0019872 0.06 0.432)
(0.0019872 0.06 0.432)
(-0.0019872 0.07 0.432)
(0.0019872 0.07 0.432)
(-0.0019872 0.08 0.432)
(0.0019872 0.08 0.432)
(-0.0019872 0.09 0.432)
(0.0019872 0.09 0.432)
(-0.0019872 0.1 0.432)
(0.0019872 0.1 0.432)
(-0.0019872 0.11 0.432)
(0.0019872 0.11 0.432)
(-0.0019872 0.12 0.432)
(0.0019872 0.12 0.432)
(-0.0019872 0.13 0.432)
(0.0019872 0.13 0.432)
(-0.0019872 0.14 0.432)
(0.0019872 0.14 0.432)
(-0.0019872 0.15 0.432)
(0.0019872 0.15 0.432)
(-0.0019872 0.16 0.432)
(0.0019872 0.16 0.432)
(-0.0019872 0.17 0.432)
(0.0019872 0.17 0.432)
(-0.0019872 0.18 0.432)
(0.0019872 0.18 0.432)
(-0.0019872 0.19 0.432)
(0.0019872 0.19 0.432)
(-0.0019872 0.2 0.432)
(0.0019872 0.2 0.432)
(-0.00207 0 0.45)
(0.00207 0 0.45)
(-0.00207 0.01 0.45)
(0.00207 0.01 0.45)
(-0.00207 0.02 0.45)
(0.00207 0.02 0.45)
(-0.00207 0.03 0.45)
(0.00207 0.03 0.45)
(-0.00207 0.04 0.45)
(0.00207 0.04 0.45)
(-0.00207 0.05 0.45)
(0.00207 0.05 0.45)
(-0.00207 0.06 0.45)
(0.00207 0.06 0.45)
(-0.00207 0.07 0.45)
(0.00207 0.07 0.45)
(-0.00207 0.08 0.45)
(0.00207 0.08 0.45)
(-0.00207 0.09 0.45)
(0.00207 0.09 0.45)
(-0.00207 0.1 0.45)
(0.00207 0.1 0.45)
(-0.00207 0.11 0.45)
(0.00207 0.11 0.45)
(-0.00207 0.12 0.45)
(0.00207 0.12 0.45)
(-0.00207 0.13 0.45)
(0.00207 0.13 0.45)
(-0.00207 0.14 0.45)
(0.00207 0.14 0.45)
(-0.00207 0.15 0.45)
(0.00207 0.15 0.45)
(-0.00207 0.16 0.45)
(0.00207 0.16 0.45)
(-0.00207 0.17 0.45)
(0.00207 0.17 0.45)
(-0.00207 0.18 0.45)
(0.00207 0.18 0.45)
(-0.00207 0.19 0.45)
(0.00207 0.19 0.45)
(-0.00207 0.2 0.45)
(0.00207 0.2 0.45)
(-0.0021528 0 0.468)
(0.0021528 0 0.468)
(-0.0021528 0.01 0.468)
(0.0021528 0.01 0.468)
(-0.0021528 0.02 0.468)
(0.0021528 0.02 0.468)
(-0.0021528 0.03 0.468)
(0.0021528 0.03 0.468)
(-0.0021528 0.04 0.468)
(0.0021528 0.04 0.468)
(-0.0021528 0.05 0.468)
(0.0021528 0.05 0.468)
(-0.0021528 0.06 0.468)
(0.0021528 0.06 0.468)
(-0.0021528 0.07 0.468)
(0.0021528 0.07 0.468)
(-0.0021528 0.08 0.468)
(0.0021528 0.08 0.468)
(-0.0021528 0.09 0.468)
(0.0021528 0.09 0.468)
(-0.0021528 0.1 0.468)
(0.0021528 0.1 0.468)
(-0.0021528 0.11 0.468)
(0.0021528 0.11 0.468)
(-0.0021528 0.12 0.468)
(0.0021528 0.12 0.468)
(-0.0021528 0.13 0.468)
(0.0021528 0.13 0.468)
(-0.0021528 0.14 0.468)
(0.0021528 0.14 0.468)
(-0.0021528 0.15 0.468)
(0.0021528 0.15 0.468)
(-0.0021528 0.16 0.468)
(0.0021528 0.16 0.468)
(-0.0021528 0.17 0.468)
(0.0021528 0.17 0.468)
(-0.0021528 0.18 0.468)
(0.0021528 0.18 0.468)
(-0.0021528 0.19 0.468)
(0.0021528 0.19 0.468)
(-0.0021528 0.2 0.468)
(0.0021528 0.2 0.468)
(-0.0022356 0 0.486)
(0.0022356 0 0.486)
(-0.0022356 0.01 0.486)
(0.0022356 0.01 0.486)
(-0.0022356 0.02 0.486)
(0.0022356 0.02 0.486)
(-0.0022356 0.03 0.486)
(0.0022356 0.03 0.486)
(-0.0022356 0.04 0.486)
(0.0022356 0.04 0.486)
(-0.0022356 0.05 0.486)
(0.0022356 0.05 0.486)
(-0.0022356 0.06 0.486)
(0.0022356 0.06 0.486)
(-0.0022356 0.07 0.486)
(0.0022356 0.07 0.486)
(-0.0022356 0.08 0.486)
(0.0022356 0.08 0.486)
(-0.0022356 0.09 0.486)
(0.0022356 0.09 0.486)
(-0.0022356 0.1 0.486)
(0.0022356 0.1 0.486)
(-0.0022356 0.11 0.486)
(0.0022356 0.11 0.486)
(-0.0022356 0.12 0.486)
(0.0022356 0.12 0.486)
(-0.0022356 0.13 0.486)
(0.0022356 0.13 0.486)
(-0.0022356 0.14 0.486)
(0.0022356 0.14 0.486)
(-0.0022356 0.15 0.486)
(0.0022356 0.15 0.486)
(-0.0022356 0.16 0.486)
(0.0022356 0.16 0.486)
(-0.0022356 0.17 0.486)
(0.0022356 0.17 0.486)
(-0.0022356 0.18 0.486)
(0.0022356 0.18 0.486)
(-0.0022356 0.19 0.486)
(0.0022356 0.19 0.486)
(-0.0022356 0.2 0.486)
(0.0022356 0.2 0.486)
(-0.0023184 0 0.504)
(0.0023184 0 0.504)
(-0.0023184 0.01 0.504)
(0.0023184 0.01 0.504)
(-0.0023184 0.02 0.504)
(0.0023184 0.02 0.504)
(-0.0023184 0.03 0.504)
(0.0023184 0.03 0.504)
(-0.0023184 0.04 0.504)
(0.0023184 0.04 0.504)
(-0.0023184 0.05 0.504)
(0.0023184 0.05 0.504)
(-0.0023184 0.06 0.504)
(0.0023184 0.06 0.504)
(-0.0023184 0.07 0.504)
(0.0023184 0.07 0.504)
(-0.0023184 0.08 0.504)
(0.0023184 0.08 0.504)
(-0.0023184 0.09 0.504)
(0.0023184 0.09 0.504)
(-0.0023184 0.1 0.504)
(0.0023184 0.1 0.504)
(-0.0023184 0.11 0.504)
(0.0023184 0.11 0.504)
(-0.0023184 0.12 0.504)
(0.0023184 0.12 0.504)
(-0.0023184 0.13 0.504)
(0.0023184 0.13 0.504)
(-0.0023184 0.14 0.504)
(0.0023184 0.14 0.504)
(-0.0023184 0.15 0.504)
(0.0023184 0.15 0.504)
(-0.0023184 0.16 0.504)
(0.0023184 0.16 0.504)
(-0.0023184 0.17 0.504)
(0.0023184 0.17 0.504)
(-0.0023184 0.18 0.504)
(0.0023184 0.18 0.504)
(-0.0023184 0.19 0.504)
(0.0023184 0.19 0.504)
(-0.0023184 0.2 0.504)
(0.0023184 0.2 0.504)
(-0.0024012 0 0.522)
(0.0024012 0 0.522)
(-0.0024012 0.01 0.522)
(0.0024012 0.01 0.522)
(-0.0024012 0.02 0.522)
(0.0024012 0.02 0.522)
(-0.0024012 0.03 0.522)
(0.0024012 0.03 0.522)
(-0.0024012 0.04 0.522)
(0.0024012 0.04 0.522)
(-0.0024012 0.05 0.522)
(0.0024012 0.05 0.522)
(-0.0024012 0.06 0.522)
(0.0024012 0.06 0.522)
(-0.0024012 0.07 0.522)
(0.0024012 0.07 0.522)
(-0.0024012 0.08 0.522)
(0.0024012 0.08 0.522)
(-0.0024012 0.09 0.522)
(0.0024012 0.09 0.522)
(-0.0024012 0.1 0.522)
(0.0024012 0.1 0.522)
(-0.0024012 0.11 0.522)
(0.0024012 0.11 0.522)
(-0.0024012 0.12 0.522)
(0.0024012 0.12 0.522)
(-0.0024012 0.13 0.522)
(0.0024012 0.13 0.522)
(-0.0024012 0.14 0.522)
(0.0024012 0.14 0.522)
(-0.0024012 0.15 0.522)
(0.0024012 0.15 0.522)
(-0.0024012 0.16 0.522)
(0.0024012 0.16 0.522)
(-0.0024012 0.17 0.522)
(0.0024012 0.17 0.522)
(-0.0024012 0.18 0.522)
(0.0024012 0.18 0.522)
(-0.0024012 0.19 0.522)
(0.0024012 0.19 0.522)
(-0.0024012 0.2 0.522)
(0.0024012 0.2 0.522)
(-0.002484 0 0.54)
(0.002484 0 0.54)
(-0.002484 0.01 0.54)
(0.002484 0.01 0.54)
(-0.002484 0.02 0.54)
(0.002484 0.02 0.54)
(-0.002484 0.03 0.54)
(0.002484 0.03 0.54)
(-0.002484 0.04 0.54)
(0.002484 0.04 0.54)
(-0.002484 0.05 0.54)
(0.002484 0.05 0.54)
(-0.002484 0.06 0.54)
(0.002484 0.06 0.54)
(-0.002484 0.07 0.54)
(0.002484 0.07 0.54)
(-0.002484 0.08 0.54)
(0.002484 0.08 0.54)
(-0.002484 0.09 0.54)
(0.002484 0.09 0.54)
(-0.002484 0.1 0.54)
(0.002484 0.1 0.54)
(-0.002484 0.11 0.54)
(0.002484 0.11 0.54)
(-0.002484 0.12 0.54)
(0.002484 0.12 0.54)
(-0.002484 0.13 0.54)
(0.002484 0.13 0.54)
(-0.002484 0.14 0.54)
(0.002484 0.14 0.54)
(-0.002484 0.15 0.54)
(0.002484 0.15 0.54)
(-0.002484 0.16 0.54)
(0.002484 0.16 0.54)
(-0.002484 0.17 0.54)
(0.002484 0.17 0.54)
(-0.002484 0.18 0.54)
(0.002484 0.18 0.54)
(-0.002484 0.19 0.54)
(0.002484 0.19 0.54)
(-0.002484 0.2 0.54)
(0.002484 0.2 0.54)
(-0.0025668 0 0.558)
(0.0025668 0 0.558)
(-0.0025668 0.01 0.558)
(0.0025668 0.01 0.558)
(-0.0025668 0.02 0.558)
(0.0025668 0.02 0.558)
(-0.0025668 0.03 0.558)
(0.0025668 0.03 0.558)
(-0.0025668 0.04 0.558)
(0.0025668 0.04 0.558)
(-0.0025668 0.05 0.558)
(0.0025668 0.05 0.558)
(-0.0025668 0.06 0.558)
(0.0025668 0.06 0.558)
(-0.0025668 0.07 0.558)
(0.0025668 0.07 0.558)
(-0.0025668 0.08 0.558)
(0.0025668 0.08 0.558)
(-0.0025668 0.09 0.558)
(0.0025668 0.09 0.558)
(-0.0025668 0.1 0.558)
(0.0025668 0.1 0.558)
(-0.0025668 0.11 0.558)
(0.0025668 0.11 0.558)
(-0.0025668 0.12 0.558)
(0.0025668 0.12 0.558)
(-0.0025668 0.13 0.558)
(0.0025668 0.13 0.558)
(-0.0025668 0.14 0.558)
(0.0025668 0.14 0.558)
(-0.0025668 0.15 0.558)
(0.0025668 0.15 0.558)
(-0.0025668 0.16 0.558)
(0.0025668 0.16 0.558)
(-0.0025668 0.17 0.558)
(0.0025668 0.17 0.558)
(-0.0025668 0.18 0.558)
(0.0025668 0.18 0.558)
(-0.0025668 0.19 0.558)
(0.0025668 0.19 0.558)
(-0.0025668 0.2 0.558)
(0.0025668 0.2 0.558)
(-0.0026496 0 0.576)
(0.0026496 0 0.576)
(-0.0026496 0.01 0.576)
(0.0026496 0.01 0.576)
(-0.0026496 0.02 0.576)
(0.0026496 0.02 0.576)
(-0.0026496 0.03 0.576)
(0.0026496 0.03 0.576)
(-0.0026496 0.04 0.576)
(0.0026496 0.04 0.576)
(-0.0026496 0.05 0.576)
(0.0026496 0.05 0.576)
(-0.0026496 0.06 0.576)
(0.0026496 0.06 0.576)
(-0.0026496 0.07 0.576)
(0.0026496 0.07 0.576)
(-0.0026496 0.08 0.576)
(0.0026496 0.08 0.576)
(-0.0026496 0.09 0.576)
(0.0026496 0.09 0.576)
(-0.0026496 0.1 0.576)
(0.0026496 0.1 0.576)
(-0.0026496 0.11 0.576)
(0.0026496 0.11 0.576)
(-0.0026496 0.12 0.576)
(0.0026496 0.12 0.576)
(-0.0026496 0.13 0.576)
(0.0026496 0.13 0.576)
(-0.0026496 0.14 0.576)
(0.0026496 0.14 0.576)
(-0.0026496 0.15 0.576)
(0.0026496 0.15 0.576)
(-0.0026496 0.16 0.576)
(0.0026496 0.16 0.576)
(-0.0026496 0.17 0.576)
(0.0026496 0.17 0.576)
(-0.0026496 0.18 0.576)
(0.0026496 0.18 0.576)
(-0.0026496 0.19 0.576)
(0.0026496 0.19 0.576)
(-0.0026496 0.2 0.576)
(0.0026496 0.2 0.576)
(-0.0027324 0 0.594)
(0.0027324 0 0.594)
(-0.0027324 0.01 0.594)
(0.0027324 0.01 0.594)
(-0.0027324 0.02 0.594)
(0.0027324 0.02 0.594)
(-0.0027324 0.03 0.594)
(0.0027324 0.03 0.594)
(-0.0027324 0.04 0.594)
(0.0027324 0.04 0.594)
(-0.0027324 0.05 0.594)
(0.0027324 0.05 0.594)
(-0.0027324 0.06 0.594)
(0.0027324 0.06 0.594)
(-0.0027324 0.07 0.594)
(0.0027324 0.07 0.594)
(-0.0027324 0.08 0.594)
(0.0027324 0.08 0.594)
(-0.0027324 0.09 0.594)
(0.0027324 0.09 0.594)
(-0.0027324 0.1 0.594)
(0.0027324 0.1 0.594)
(-0.0027324 0.11 0.594)
(0.0027324 0.11 0.594)
(-0.0027324 0.12 0.594)
(0.0027324 0.12 0.594)
(-0.0027324 0.13 0.594)
(0.0027324 0.13 0.594)
(-0.0027324 0.14 0.594)
(0.0027324 0.14 0.594)
(-0.0027324 0.15 0.594)
(0.0027324 0.15 0.594)
(-0.0027324 0.16 0.594)
(0.0027324 0.16 0.594)
(-0.0027324 0.17 0.594)
(0.0027324 0.17 0.594)
(-0.0027324 0.18 0.594)
(0.0027324 0.18 0.594)
(-0.0027324 0.19 0.594)
(0.0027324 0.19 0.594)
(-0.0027324 0.2 0.594)
(0.0027324 0.2 0.594)
(-0.0028152 0 0.612)
(0.0028152 0 0.612)
(-0.0028152 0.01 0.612)
(0.0028152 0.01 0.612)
(-0.0028152 0.02 0.612)
(0.0028152 0.02 0.612)
(-0.0028152 0.03 0.612)
(0.0028152 0.03 0.612)
(-0.0028152 0.04 0.612)
(0.0028152 0.04 0.612)
(-0.0028152 0.05 0.612)
(0.0028152 0.05 0.612)
(-0.0028152 0.06 0.612)
(0.0028152 0.06 0.612)
(-0.0028152 0.07 0.612)
(0.0028152 0.07 0.612)
(-0.0028152 0.08 0.612)
(0.0028152 0.08 0.612)
(-0.0028152 0.09 0.612)
(0.0028152 0.09 0.612)
(-0.0028152 0.1 0.612)
(0.0028152 0.1 0.612)
(-0.0028152 0.11 0.612)
(0.0028152 0.11 0.612)
(-0.0028152 0.12 0.612)
(0.0028152 0.12 0.612)
(-0.0028152 0.13 0.612)
(0.0028152 0.13 0.612)
(-0.0028152 0.14 0.612)
(0.0028152 0.14 0.612)
(-0.0028152 0.15 0.612)
(0.0028152 0.15 0.612)
(-0.0028152 0.16 0.612)
(0.0028152 0.16 0.612)
(-0.0028152 0.17 0.612)
(0.0028152 0.17 0.612)
(-0.0028152 0.18 0.612)
(0.0028152 0.18 0.612)
(-0.0028152 0.19 0.612)
(0.0028152 0.19 0.612)
(-0.0028152 0.2 0.612)
(0.0028152 0.2 0.612)
(-0.002898 0 0.63)
(0.002898 0 0.63)
(-0.002898 0.01 0.63)
(0.002898 0.01 0.63)
(-0.002898 0.02 0.63)
(0.002898 0.02 0.63)
(-0.002898 0.03 0.63)
(0.002898 0.03 0.63)
(-0.002898 0.04 0.63)
(0.002898 0.04 0.63)
(-0.002898 0.05 0.63)
(0.002898 0.05 0.63)
(-0.002898 0.06 0.63)
(0.002898 0.06 0.63)
(-0.002898 0.07 0.63)
(0.002898 0.07 0.63)
(-0.002898 0.08 0.63)
(0.002898 0.08 0.63)
(-0.002898 0.09 0.63)
(0.002898 0.09 0.63)
(-0.002898 0.1 0.63)
(0.002898 0.1 0.63)
(-0.002898 0.11 0.63)
(0.002898 0.11 0.63)
(-0.002898 0.12 0.63)
(0.002898 0.12 0.63)
(-0.002898 0.13 0.63)
(0.002898 0.13 0.63)
(-0.002898 0.14 0.63)
(0.002898 0.14 0.63)
(-0.002898 0.15 0.63)
(0.002898 0.15 0.63)
(-0.002898 0.16 0.63)
(0.002898 0.16 0.63)
(-0.002898 0.17 0.63)
(0.002898 0.17 0.63)
(-0.002898 0.18 0.63)
(0.002898 0.18 0.63)
(-0.002898 0.19 0.63)
(0.002898 0.19 0.63)
(-0.002898 0.2 0.63)
(0.002898 0.2 0.63)
(-0.0029808 0 0.648)
(0.0029808 0 0.648)
(-0.0029808 0.01 0.648)
(0.0029808 0.01 0.648)
(-0.0029808 0.02 0.648)
(0.0029808 0.02 0.648)
(-0.0029808 0.03 0.648)
(0.0029808 0.03 0.648)
(-0.0029808 0.04 0.648)
(0.0029808 0.04 0.648)
(-0.0029808 0.05 0.648)
(0.0029808 0.05 0.648)
(-0.0029808 0.06 0.648)
(0.0029808 0.06 0.648)
(-0.0029808 0.07 0.648)
(0.0029808 0.07 0.648)
(-0.0029808 0.08 0.648)
(0.0029808 0.08 0.648)
(-0.0029808 0.09 0.648)
(0.0029808 0.09 0.648)
(-0.0029808 0.1 0.648)
(0.0029808 0.1 0.648)
(-0.0029808 0.11 0.648)
(0.0029808 0.11 0.648)
(-0.0029808 0.12 0.648)
(0.0029808 0.12 0.648)
(-0.0029808 0.13 0.648)
(0.0029808 0.13 0.648)
(-0.0029808 0.14 0.648)
(0.0029808 0.14 0.648)
(-0.0029808 0.15 0.648)
(0.0029808 0.15 0.648)
(-0.0029808 0.16 0.648)
(0.0029808 0.16 0.648)
(-0.0029808 0.17 0.648)
(0.0029808 0.17 0.648)
(-0.0029808 0.18 0.648)
(0.0029808 0.18 0.648)
(-0.0029808 0.19 0.648)
(0.0029808 0.19 0.648)
(-0.0029808 0.2 0.648)
(0.0029808 0.2 0.648)
(-0.0030636 0 0.666)
(0.0030636 0 0.666)
(-0.0030636 0.01 0.666)
(0.0030636 0.01 0.666)
(-0.0030636 0.02 0.666)
(0.0030636 0.02 0.666)
(-0.0030636 0.03 0.666)
(0.0030636 0.03 0.666)
(-0.0030636 0.04 0.666)
(0.0030636 0.04 0.666)
(-0.0030636 0.05 0.666)
(0.0030636 0.05 0.666)
(-0.0030636 0.06 0.666)
(0.0030636 0.06 0.666)
(-0.0030636 0.07 0.666)
(0.0030636 0.07 0.666)
(-0.0030636 0.08 0.666)
(0.0030636 0.08 0.666)
(-0.0030636 0.09 0.666)
(0.0030636 0.09 0.666)
(-0.0030636 0.1 0.666)
(0.0030636 0.1 0.666)
(-0.0030636 0.11 0.666)
(0.0030636 0.11 0.666)
(-0.0030636 0.12 0.666)
(0.0030636 0.12 0.666)
(-0.0030636 0.13 0.666)
(0.0030636 0.13 0.666)
(-0.0030636 0.14 0.666)
(0.0030636 0.14 0.666)
(-0.0030636 0.15 0.666)
(0.0030636 0.15 0.666)
(-0.0030636 0.16 0.666)
(0.0030636 0.16 0.666)
(-0.0030636 0.17 0.666)
(0.0030636 0.17 0.666)
(-0.0030636 0.18 0.666)
(0.0030636 0.18 0.666)
(-0.0030636 0.19 0.666)
(0.0030636 0.19 0.666)
(-0.0030636 0.2 0.666)
(0.0030636 0.2 0.666)
(-0.0031464 0 0.684)
(0.0031464 0 0.684)
(-0.0031464 0.01 0.684)
(0.0031464 0.01 0.684)
(-0.0031464 0.02 0.684)
(0.0031464 0.02 0.684)
(-0.0031464 0.03 0.684)
(0.0031464 0.03 0.684)
(-0.0031464 0.04 0.684)
(0.0031464 0.04 0.684)
(-0.0031464 0.05 0.684)
(0.0031464 0.05 0.684)
(-0.0031464 0.06 0.684)
(0.0031464 0.06 0.684)
(-0.0031464 0.07 0.684)
(0.0031464 0.07 0.684)
(-0.0031464 0.08 0.684)
(0.0031464 0.08 0.684)
(-0.0031464 0.09 0.684)
(0.0031464 0.09 0.684)
(-0.0031464 0.1 0.684)
(0.0031464 0.1 0.684)
(-0.0031464 0.11 0.684)
(0.0031464 0.11 0.684)
(-0.0031464 0.12 0.684)
(0.0031464 0.12 0.684)
(-0.0031464 0.13 0.684)
(0.0031464 0.13 0.684)
(-0.0031464 0.14 0.684)
(0.0031464 0.14 0.684)
(-0.0031464 0.15 0.684)
(0.0031464 0.15 0.684)
(-0.0031464 0.16 0.684)
(0.0031464 0.16 0.684)
(-0.0031464 0.17 0.684)
(0.0031464 0.17 0.684)
(-0.0031464 0.18 0.684)
(0.0031464 0.18 0.684)
(-0.0031464 0.19 0.684)
(0.0031464 0.19 0.684)
(-0.0031464 0.2 0.684)
(0.0031464 0.2 0.684)
(-0.0032292 0 0.702)
(0.0032292 0 0.702)
(-0.0032292 0.01 0.702)
(0.0032292 0.01 0.702)
(-0.0032292 0.02 0.702)
(0.0032292 0.02 0.702)
(-0.0032292 0.03 0.702)
(0.0032292 0.03 0.702)
(-0.0032292 0.04 0.702)
(0.0032292 0.04 0.702)
(-0.0032292 0.05 0.702)
(0.0032292 0.05 0.702)
(-0.0032292 0.06 0.702)
(0.0032292 0.06 0.702)
(-0.0032292 0.07 0.702)
(0.0032292 0.07 0.702)
(-0.0032292 0.08 0.702)
(0.0032292 0.08 0.702)
(-0.0032292 0.09 0.702)
(0.0032292 0.09 0.702)
(-0.0032292 0.1 0.702)
(0.0032292 0.1 0.702)
(-0.0032292 0.11 0.702)
(0.0032292 0.11 0.702)
(-0.0032292 0.12 0.702)
(0.0032292 0.12 0.702)
(-0.0032292 0.13 0.702)
(0.0032292 0.13 0.702)
(-0.0032292 0.14 0.702)
(0.0032292 0.14 0.702)
(-0.0032292 0.15 0.702)
(0.0032292 0.15 0.702)
(-0.0032292 0.16 0.702)
(0.0032292 0.16 0.702)
(-0.0032292 0.17 0.702)
(0.0032292 0.17 0.702)
(-0.0032292 0.18 0.702)
(0.0032292 0.18 0.702)
(-0.0032292 0.19 0.702)
(0.0032292 0.19 0.702)
(-0.0032292 0.2 0.702)
(0.0032292 0.2 0.702)
(-0.003312 0 0.72)
(0.003312 0 0.72)
(-0.003312 0.01 0.72)
(0.003312 0.01 0.72)
(-0.003312 0.02 0.72)
(0.003312 0.02 0.72)
(-0.003312 0.03 0.72)
(0.003312 0.03 0.72)
(-0.003312 0.04 0.72)
(0.003312 0.04 0.72)
(-0.003312 0.05 0.72)
(0.003312 0.05 0.72)
(-0.003312 0.06 0.72)
(0.003312 0.06 0.72)
(-0.003312 0.07 0.72)
(0.003312 0.07 0.72)
(-0.003312 0.08 0.72)
(0.003312 0.08 0.72)
(-0.003312 0.09 0.72)
(0.003312 0.09 0.72)
(-0.003312 0.1 0.72)
(0.003312 0.1 0.72)
(-0.003312 0.11 0.72)
(0.003312 0.11 0.72)
(-0.003312 0.12 0.72)
(0.003312 0.12 0.72)
(-0.003312 0.13 0.72)
(0.003312 0.13 0.72)
(-0.003312 0.14 0.72)
(0.003312 0.14 0.72)
(-0.003312 0.15 0.72)
(0.003312 0.15 0.72)
(-0.003312 0.16 0.72)
(0.003312 0.16 0.72)
(-0.003312 0.17 0.72)
(0.003312 0.17 0.72)
(-0.003312 0.18 0.72)
(0.003312 0.18 0.72)
(-0.003312 0.19 0.72)
(0.003312 0.19 0.72)
(-0.003312 0.2 0.72)
(0.003312 0.2 0.72)
(-0.0033948 0 0.738)
(0.0033948 0 0.738)
(-0.0033948 0.01 0.738)
(0.0033948 0.01 0.738)
(-0.0033948 0.02 0.738)
(0.0033948 0.02 0.738)
(-0.0033948 0.03 0.738)
(0.0033948 0.03 0.738)
(-0.0033948 0.04 0.738)
(0.0033948 0.04 0.738)
(-0.0033948 0.05 0.738)
(0.0033948 0.05 0.738)
(-0.0033948 0.06 0.738)
(0.0033948 0.06 0.738)
(-0.0033948 0.07 0.738)
(0.0033948 0.07 0.738)
(-0.0033948 0.08 0.738)
(0.0033948 0.08 0.738)
(-0.0033948 0.09 0.738)
(0.0033948 0.09 0.738)
(-0.0033948 0.1 0.738)
(0.0033948 0.1 0.738)
(-0.0033948 0.11 0.738)
(0.0033948 0.11 0.738)
(-0.0033948 0.12 0.738)
(0.0033948 0.12 0.738)
(-0.0033948 0.13 0.738)
(0.0033948 0.13 0.738)
(-0.0033948 0.14 0.738)
(0.0033948 0.14 0.738)
(-0.0033948 0.15 0.738)
(0.0033948 0.15 0.738)
(-0.0033948 0.16 0.738)
(0.0033948 0.16 0.738)
(-0.0033948 0.17 0.738)
(0.0033948 0.17 0.738)
(-0.0033948 0.18 0.738)
(0.0033948 0.18 0.738)
(-0.0033948 0.19 0.738)
(0.0033948 0.19 0.738)
(-0.0033948 0.2 0.738)
(0.0033948 0.2 0.738)
(-0.0034776 0 0.756)
(0.0034776 0 0.756)
(-0.0034776 0.01 0.756)
(0.0034776 0.01 0.756)
(-0.0034776 0.02 0.756)
(0.0034776 0.02 0.756)
(-0.0034776 0.03 0.756)
(0.0034776 0.03 0.756)
(-0.0034776 0.04 0.756)
(0.0034776 0.04 0.756)
(-0.0034776 0.05 0.756)
(0.0034776 0.05 0.756)
(-0.0034776 0.06 0.756)
(0.0034776 0.06 0.756)
(-0.0034776 0.07 0.756)
(0.0034776 0.07 0.756)
(-0.0034776 0.08 0.756)
(0.0034776 0.08 0.756)
(-0.0034776 0.09 0.756)
(0.0034776 0.09 0.756)
(-0.0034776 0.1 0.756)
(0.0034776 0.1 0.756)
(-0.0034776 0.11 0.756)
(0.0034776 0.11 0.756)
(-0.0034776 0.12 0.756)
(0.0034776 0.12 0.756)
(-0.0034776 0.13 0.756)
(0.0034776 0.13 0.756)
(-0.0034776 0.14 0.756)
(0.0034776 0.14 0.756)
(-0.0034776 0.15 0.756)
(0.0034776 0.15 0.756)
(-0.0034776 0.16 0.756)
(0.0034776 0.16 0.756)
(-0.0034776 0.17 0.756)
(0.0034776 0.17 0.756)
(-0.0034776 0.18 0.756)
(0.0034776 0.18 0.756)
(-0.0034776 0.19 0.756)
(0.0034776 0.19 0.756)
(-0.0034776 0.2 0.756)
(0.0034776 0.2 0.756)
(-0.0035604 0 0.774)
(0.0035604 0 0.774)
(-0.0035604 0.01 0.774)
(0.0035604 0.01 0.774)
(-0.0035604 0.02 0.774)
(0.0035604 0.02 0.774)
(-0.0035604 0.03 0.774)
(0.0035604 0.03 0.774)
(-0.0035604 0.04 0.774)
(0.0035604 0.04 0.774)
(-0.0035604 0.05 0.774)
(0.0035604 0.05 0.774)
(-0.0035604 0.06 0.774)
(0.0035604 0.06 0.774)
(-0.0035604 0.07 0.774)
(0.0035604 0.07 0.774)
(-0.0035604 0.08 0.774)
(0.0035604 0.08 0.774)
(-0.0035604 0.09 0.774)
(0.0035604 0.09 0.774)
(-0.0035604 0.1 0.774)
(0.0035604 0.1 0.774)
(-0.0035604 0.11 0.774)
(0.0035604 0.11 0.774)
(-0.0035604 0.12 0.774)
(0.0035604 0.12 0.774)
(-0.0035604 0.13 0.774)
(0.0035604 0.13 0.774)
(-0.0035604 0.14 0.774)
(0.0035604 0.14 0.774)
(-0.0035604 0.15 0.774)
(0.0035604 0.15 0.774)
(-0.0035604 0.16 0.774)
(0.0035604 0.16 0.774)
(-0.0035604 0.17 0.774)
(0.0035604 0.17 0.774)
(-0.0035604 0.18 0.774)
(0.0035604 0.18 0.774)
(-0.0035604 0.19 0.774)
(0.0035604 0.19 0.774)
(-0.0035604 0.2 0.774)
(0.0035604 0.2 0.774)
(-0.0036432 0 0.792)
(0.0036432 0 0.792)
(-0.0036432 0.01 0.792)
(0.0036432 0.01 0.792)
(-0.0036432 0.02 0.792)
(0.0036432 0.02 0.792)
(-0.0036432 0.03 0.792)
(0.0036432 0.03 0.792)
(-0.0036432 0.04 0.792)
(0.0036432 0.04 0.792)
(-0.0036432 0.05 0.792)
(0.0036432 0.05 0.792)
(-0.0036432 0.06 0.792)
(0.0036432 0.06 0.792)
(-0.0036432 0.07 0.792)
(0.0036432 0.07 0.792)
(-0.0036432 0.08 0.792)
(0.0036432 0.08 0.792)
(-0.0036432 0.09 0.792)
(0.0036432 0.09 0.792)
(-0.0036432 0.1 0.792)
(0.0036432 0.1 0.792)
(-0.0036432 0.11 0.792)
(0.0036432 0.11 0.792)
(-0.0036432 0.12 0.792)
(0.0036432 0.12 0.792)
(-0.0036432 0.13 0.792)
(0.0036432 0.13 0.792)
(-0.0036432 0.14 0.792)
(0.0036432 0.14 0.792)
(-0.0036432 0.15 0.792)
(0.0036432 0.15 0.792)
(-0.0036432 0.16 0.792)
(0.0036432 0.16 0.792)
(-0.0036432 0.17 0.792)
(0.0036432 0.17 0.792)
(-0.0036432 0.18 0.792)
(0.0036432 0.18 0.792)
(-0.0036432 0.19 0.792)
(0.0036432 0.19 0.792)
(-0.0036432 0.2 0.792)
(0.0036432 0.2 0.792)
(-0.003726 0 0.81)
(0.003726 0 0.81)
(-0.003726 0.01 0.81)
(0.003726 0.01 0.81)
(-0.003726 0.02 0.81)
(0.003726 0.02 0.81)
(-0.003726 0.03 0.81)
(0.003726 0.03 0.81)
(-0.003726 0.04 0.81)
(0.003726 0.04 0.81)
(-0.003726 0.05 0.81)
(0.003726 0.05 0.81)
(-0.003726 0.06 0.81)
(0.003726 0.06 0.81)
(-0.003726 0.07 0.81)
(0.003726 0.07 0.81)
(-0.003726 0.08 0.81)
(0.003726 0.08 0.81)
(-0.003726 0.09 0.81)
(0.003726 0.09 0.81)
(-0.003726 0.1 0.81)
(0.003726 0.1 0.81)
(-0.003726 0.11 0.81)
(0.003726 0.11 0.81)
(-0.003726 0.12 0.81)
(0.003726 0.12 0.81)
(-0.003726 0.13 0.81)
(0.003726 0.13 0.81)
(-0.003726 0.14 0.81)
(0.003726 0.14 0.81)
(-0.003726 0.15 0.81)
(0.003726 0.15 0.81)
(-0.003726 0.16 0.81)
(0.003726 0.16 0.81)
(-0.003726 0.17 0.81)
(0.003726 0.17 0.81)
(-0.003726 0.18 0.81)
(0.003726 0.18 0.81)
(-0.003726 0.19 0.81)
(0.003726 0.19 0.81)
(-0.003726 0.2 0.81)
(0.003726 0.2 0.81)
(-0.0038088 0 0.828)
(0.0038088 0 0.828)
(-0.0038088 0.01 0.828)
(0.0038088 0.01 0.828)
(-0.0038088 0.02 0.828)
(0.0038088 0.02 0.828)
(-0.0038088 0.03 0.828)
(0.0038088 0.03 0.828)
(-0.0038088 0.04 0.828)
(0.0038088 0.04 0.828)
(-0.0038088 0.05 0.828)
(0.0038088 0.05 0.828)
(-0.0038088 0.06 0.828)
(0.0038088 0.06 0.828)
(-0.0038088 0.07 0.828)
(0.0038088 0.07 0.828)
(-0.0038088 0.08 0.828)
(0.0038088 0.08 0.828)
(-0.0038088 0.09 0.828)
(0.0038088 0.09 0.828)
(-0.0038088 0.1 0.828)
(0.0038088 0.1 0.828)
(-0.0038088 0.11 0.828)
(0.0038088 0.11 0.828)
(-0.0038088 0.12 0.828)
(0.0038088 0.12 0.828)
(-0.0038088 0.13 0.828)
(0.0038088 0.13 0.828)
(-0.0038088 0.14 0.828)
(0.0038088 0.14 0.828)
(-0.0038088 0.15 0.828)
(0.0038088 0.15 0.828)
(-0.0038088 0.16 0.828)
(0.0038088 0.16 0.828)
(-0.0038088 0.17 0.828)
(0.0038088 0.17 0.828)
(-0.0038088 0.18 0.828)
(0.0038088 0.18 0.828)
(-0.0038088 0.19 0.828)
(0.0038088 0.19 0.828)
(-0.0038088 0.2 0.828)
(0.0038088 0.2 0.828)
(-0.0038916 0 0.846)
(0.0038916 0 0.846)
(-0.0038916 0.01 0.846)
(0.0038916 0.01 0.846)
(-0.0038916 0.02 0.846)
(0.0038916 0.02 0.846)
(-0.0038916 0.03 0.846)
(0.0038916 0.03 0.846)
(-0.0038916 0.04 0.846)
(0.0038916 0.04 0.846)
(-0.0038916 0.05 0.846)
(0.0038916 0.05 0.846)
(-0.0038916 0.06 0.846)
(0.0038916 0.06 0.846)
(-0.0038916 0.07 0.846)
(0.0038916 0.07 0.846)
(-0.0038916 0.08 0.846)
(0.0038916 0.08 0.846)
(-0.0038916 0.09 0.846)
(0.0038916 0.09 0.846)
(-0.0038916 0.1 0.846)
(0.0038916 0.1 0.846)
(-0.0038916 0.11 0.846)
(0.0038916 0.11 0.846)
(-0.0038916 0.12 0.846)
(0.0038916 0.12 0.846)
(-0.0038916 0.13 0.846)
(0.0038916 0.13 0.846)
(-0.0038916 0.14 0.846)
(0.0038916 0.14 0.846)
(-0.0038916 0.15 0.846)
(0.0038916 0.15 0.846)
(-0.0038916 0.16 0.846)
(0.0038916 0.16 0.846)
(-0.0038916 0.17 0.846)
(0.0038916 0.17 0.846)
(-0.0038916 0.18 0.846)
(0.0038916 0.18 0.846)
(-0.0038916 0.19 0.846)
(0.0038916 0.19 0.846)
(-0.0038916 0.2 0.846)
(0.0038916 0.2 0.846)
(-0.0039744 0 0.864)
(0.0039744 0 0.864)
(-0.0039744 0.01 0.864)
(0.0039744 0.01 0.864)
(-0.0039744 0.02 0.864)
(0.0039744 0.02 0.864)
(-0.0039744 0.03 0.864)
(0.0039744 0.03 0.864)
(-0.0039744 0.04 0.864)
(0.0039744 0.04 0.864)
(-0.0039744 0.05 0.864)
(0.0039744 0.05 0.864)
(-0.0039744 0.06 0.864)
(0.0039744 0.06 0.864)
(-0.0039744 0.07 0.864)
(0.0039744 0.07 0.864)
(-0.0039744 0.08 0.864)
(0.0039744 0.08 0.864)
(-0.0039744 0.09 0.864)
(0.0039744 0.09 0.864)
(-0.0039744 0.1 0.864)
(0.0039744 0.1 0.864)
(-0.0039744 0.11 0.864)
(0.0039744 0.11 0.864)
(-0.0039744 0.12 0.864)
(0.0039744 0.12 0.864)
(-0.0039744 0.13 0.864)
(0.0039744 0.13 0.864)
(-0.0039744 0.14 0.864)
(0.0039744 0.14 0.864)
(-0.0039744 0.15 0.864)
(0.0039744 0.15 0.864)
(-0.0039744 0.16 0.864)
(0.0039744 0.16 0.864)
(-0.0039744 0.17 0.864)
(0.0039744 0.17 0.864)
(-0.0039744 0.18 0.864)
(0.0039744 0.18 0.864)
(-0.0039744 0.19 0.864)
(0.0039744 0.19 0.864)
(-0.0039744 0.2 0.864)
(0.0039744 0.2 0.864)
(-0.0040572 0 0.882)
(0.0040572 0 0.882)
(-0.0040572 0.01 0.882)
(0.0040572 0.01 0.882)
(-0.0040572 0.02 0.882)
(0.0040572 0.02 0.882)
(-0.0040572 0.03 0.882)
(0.0040572 0.03 0.882)
(-0.0040572 0.04 0.882)
(0.0040572 0.04 0.882)
(-0.0040572 0.05 0.882)
(0.0040572 0.05 0.882)
(-0.0040572 0.06 0.882)
(0.0040572 0.06 0.882)
(-0.0040572 0.07 0.882)
(0.0040572 0.07 0.882)
(-0.0040572 0.08 0.882)
(0.0040572 0.08 0.882)
(-0.0040572 0.09 0.882)
(0.0040572 0.09 0.882)
(-0.0040572 0.1 0.882)
(0.0040572 0.1 0.882)
(-0.0040572 0.11 0.882)
(0.0040572 0.11 0.882)
(-0.0040572 0.12 0.882)
(0.0040572 0.12 0.882)
(-0.0040572 0.13 0.882)
(0.0040572 0.13 0.882)
(-0.0040572 0.14 0.882)
(0.0040572 0.14 0.882)
(-0.0040572 0.15 0.882)
(0.0040572 0.15 0.882)
(-0.0040572 0.16 0.882)
(0.0040572 0.16 0.882)
(-0.0040572 0.17 0.882)
(0.0040572 0.17 0.882)
(-0.0040572 0.18 0.882)
(0.0040572 0.18 0.882)
(-0.0040572 0.19 0.882)
(0.0040572 0.19 0.882)
(-0.0040572 0.2 0.882)
(0.0040572 0.2 0.882)
(-0.00414 0 0.9)
(0.00414 0 0.9)
(-0.00414 0.01 0.9)
(0.00414 0.01 0.9)
(-0.00414 0.02 0.9)
(0.00414 0.02 0.9)
(-0.00414 0.03 0.9)
(0.00414 0.03 0.9)
(-0.00414 0.04 0.9)
(0.00414 0.04 0.9)
(-0.00414 0.05 0.9)
(0.00414 0.05 0.9)
(-0.00414 0.06 0.9)
(0.00414 0.06 0.9)
(-0.00414 0.07 0.9)
(0.00414 0.07 0.9)
(-0.00414 0.08 0.9)
(0.00414 0.08 0.9)
(-0.00414 0.09 0.9)
(0.00414 0.09 0.9)
(-0.00414 0.1 0.9)
(0.00414 0.1 0.9)
(-0.00414 0.11 0.9)
(0.00414 0.11 0.9)
(-0.00414 0.12 0.9)
(0.00414 0.12 0.9)
(-0.00414 0.13 0.9)
(0.00414 0.13 0.9)
(-0.00414 0.14 0.9)
(0.00414 0.14 0.9)
(-0.00414 0.15 0.9)
(0.00414 0.15 0.9)
(-0.00414 0.16 0.9)
(0.00414 0.16 0.9)
(-0.00414 0.17 0.9)
(0.00414 0.17 0.9)
(-0.00414 0.18 0.9)
(0.00414 0.18 0.9)
(-0.00414 0.19 0.9)
(0.00414 0.19 0.9)
(-0.00414 0.2 0.9)
(0.00414 0.2 0.9)
)


// ************************************************************************* //
