/*--------------------------------*- C++ -*----------------------------------*\
  =========                 |
  \\      /  F ield         | OpenFOAM: The Open Source CFD Toolbox
   \\    /   O peration     | Website:  https://openfoam.org
    \\  /    A nd           | Version:  6
     \\/     M anipulation  |
\*---------------------------------------------------------------------------*/
FoamFile
{
    version     2.0;
    format      ascii;
    class       volVectorField;
    location    "0";
    object      U;
}
// * * * * * * * * * * * * * * * * * * * * * * * * * * * * * * * * * * * * * //

dimensions      [0 1 -1 0 0 0 0];

internalField   nonuniform List<vector> 
1000
(
(1 1 1)
(1 1 1)
(1 1 1)
(1 1 1)
(1 1 1)
(0.8 0.8 0.8)
(0.8 0.8 0.8)
(0.8 0.8 0.8)
(0.8 0.8 0.8)
(0.8 0.8 0.8)
(0.8 0.8 0.8)
(0.8 0.8 0.8)
(0.8 0.8 0.8)
(0.8 0.8 0.8)
(0.8 0.8 0.8)
(1 1 1)
(1 1 1)
(1 1 1)
(1 1 1)
(1 1 1)
(1 1 1)
(1 1 1)
(1 1 1)
(1 1 1)
(1 1 1)
(1 1 1)
(0.8 0.8 0.8)
(0.8 0.8 0.8)
(0.8 0.8 0.8)
(0.8 0.8 0.8)
(0.8 0.8 0.8)
(0.8 0.8 0.8)
(0.8 0.8 0.8)
(0.8 0.8 0.8)
(1 1 1)
(1 1 1)
(1 1 1)
(1 1 1)
(1 1 1)
(1 1 1)
(1 1 1)
(1 1 1)
(1 1 1)
(1 1 1)
(1 1 1)
(1 1 1)
(1 1 1)
(1 1 1)
(0.8 0.8 0.8)
(0.8 0.8 0.8)
(0.8 0.8 0.8)
(0.8 0.8 0.8)
(1 1 1)
(1 1 1)
(1 1 1)
(1 1 1)
(1 1 1)
(1 1 1)
(1 1 1)
(1 1 1)
(1 1 1)
(1 1 1)
(1 1 1)
(1 1 1)
(1 1 1)
(1 1 1)
(1 1 1)
(1 1 1)
(1 1 1)
(1 1 1)
(1 1 1)
(1 1 1)
(1 1 1)
(1 1 1)
(1 1 1)
(1 1 1)
(1 1 1)
(1 1 1)
(1 1 1)
(1 1 1)
(1 1 1)
(1 1 1)
(1 1 1)
(1 1 1)
(1 1 1)
(1 1 1)
(1 1 1)
(1 1 1)
(1 1 1)
(1 1 1)
(1 1 1)
(1 1 1)
(1 1 1)
(1 1 1)
(1 1 1)
(1 1 1)
(1 1 1)
(1 1 1)
(1 1 1)
(1 1 1)
(1 1 1)
(1 1 1)
(1 1 1)
(1 1 1)
(1 1 1)
(1 1 1)
(1 1 1)
(1 1 1)
(1 1 1)
(1 1 1)
(1 1 1)
(1 1 1)
(1 1 1)
(1 1 1)
(1 1 1)
(1 1 1)
(1 1 1)
(1 1 1)
(1 1 1)
(1 1 1)
(1 1 1)
(1 1 1)
(1 1 1)
(1 1 1)
(1 1 1)
(1 1 1)
(1 1 1)
(1 1 1)
(1 1 1)
(1 1 1)
(1 1 1)
(1 1 1)
(1 1 1)
(1 1 1)
(1 1 1)
(1 1 1)
(1 1 1)
(1 1 1)
(1 1 1)
(1 1 1)
(1 1 1)
(1 1 1)
(1 1 1)
(1 1 1)
(1 1 1)
(1 1 1)
(1 1 1)
(1 1 1)
(1 1 1)
(1 1 1)
(1 1 1)
(1 1 1)
(1 1 1)
(1 1 1)
(1 1 1)
(1 1 1)
(1 1 1)
(1 1 1)
(1 1 1)
(1 1 1)
(1 1 1)
(1 1 1)
(1 1 1)
(1 1 1)
(1 1 1)
(1 1 1)
(1 1 1)
(1 1 1)
(1 1 1)
(1 1 1)
(1 1 1)
(1 1 1)
(1 1 1)
(1 1 1)
(1 1 1)
(1 1 1)
(1 1 1)
(1 1 1)
(1 1 1)
(1 1 1)
(1 1 1)
(1 1 1)
(1 1 1)
(1 1 1)
(1 1 1)
(1 1 1)
(1 1 1)
(1 1 1)
(1 1 1)
(1 1 1)
(1 1 1)
(1 1 1)
(1 1 1)
(1 1 1)
(1 1 1)
(1 1 1)
(1 1 1)
(1 1 1)
(1 1 1)
(1 1 1)
(1 1 1)
(1 1 1)
(1 1 1)
(1 1 1)
(1 1 1)
(1 1 1)
(1 1 1)
(1 1 1)
(1 1 1)
(1 1 1)
(1 1 1)
(1 1 1)
(1 1 1)
(1 1 1)
(1 1 1)
(1 1 1)
(1 1 1)
(1 1 1)
(1 1 1)
(1 1 1)
(1 1 1)
(1 1 1)
(1 1 1)
(1 1 1)
(1 1 1)
(1 1 1)
(1 1 1)
(1 1 1)
(1 1 1)
(1 1 1)
(1 1 1)
(1 1 1)
(1 1 1)
(1 1 1)
(1 1 1)
(1 1 1)
(1 1 1)
(1 1 1)
(1 1 1)
(1 1 1)
(1 1 1)
(1 1 1)
(1 1 1)
(1 1 1)
(1 1 1)
(1 1 1)
(1 1 1)
(1 1 1)
(1 1 1)
(1 1 1)
(1 1 1)
(1 1 1)
(1 1 1)
(1 1 1)
(1 1 1)
(1 1 1)
(1 1 1)
(1 1 1)
(1 1 1)
(1 1 1)
(1 1 1)
(1 1 1)
(1 1 1)
(1 1 1)
(1 1 1)
(1 1 1)
(1 1 1)
(1 1 1)
(1 1 1)
(1 1 1)
(1 1 1)
(1 1 1)
(1 1 1)
(1 1 1)
(1 1 1)
(1 1 1)
(1 1 1)
(1 1 1)
(1 1 1)
(1 1 1)
(1 1 1)
(1 1 1)
(1 1 1)
(1 1 1)
(1 1 1)
(1 1 1)
(1 1 1)
(1 1 1)
(1 1 1)
(1 1 1)
(1 1 1)
(1 1 1)
(1 1 1)
(1 1 1)
(1 1 1)
(1 1 1)
(1 1 1)
(1 1 1)
(1 1 1)
(1 1 1)
(1 1 1)
(1 1 1)
(1 1 1)
(1 1 1)
(1 1 1)
(1 1 1)
(1 1 1)
(1 1 1)
(1 1 1)
(1 1 1)
(1 1 1)
(1 1 1)
(1 1 1)
(1 1 1)
(1 1 1)
(1 1 1)
(1 1 1)
(1 1 1)
(1 1 1)
(1 1 1)
(1 1 1)
(1 1 1)
(1 1 1)
(1 1 1)
(1 1 1)
(1 1 1)
(1 1 1)
(1 1 1)
(1 1 1)
(1 1 1)
(1 1 1)
(1 1 1)
(1 1 1)
(1 1 1)
(1 1 1)
(1 1 1)
(1 1 1)
(1 1 1)
(1 1 1)
(1 1 1)
(1 1 1)
(1 1 1)
(1 1 1)
(1 1 1)
(1 1 1)
(1 1 1)
(1 1 1)
(1 1 1)
(1 1 1)
(1 1 1)
(1 1 1)
(1 1 1)
(1 1 1)
(1 1 1)
(1 1 1)
(1 1 1)
(1 1 1)
(1 1 1)
(1 1 1)
(1 1 1)
(1 1 1)
(1 1 1)
(1 1 1)
(1 1 1)
(1 1 1)
(1 1 1)
(1 1 1)
(1 1 1)
(1 1 1)
(1 1 1)
(1 1 1)
(1 1 1)
(1 1 1)
(1 1 1)
(1 1 1)
(1 1 1)
(1 1 1)
(1 1 1)
(1 1 1)
(1 1 1)
(1 1 1)
(1 1 1)
(1 1 1)
(1 1 1)
(1 1 1)
(1 1 1)
(1 1 1)
(1 1 1)
(1 1 1)
(1 1 1)
(1 1 1)
(1 1 1)
(1 1 1)
(1 1 1)
(1 1 1)
(1 1 1)
(1 1 1)
(1 1 1)
(1 1 1)
(1 1 1)
(1 1 1)
(1 1 1)
(1 1 1)
(1 1 1)
(1 1 1)
(1 1 1)
(1 1 1)
(1 1 1)
(1 1 1)
(1 1 1)
(1 1 1)
(1 1 1)
(1 1 1)
(1 1 1)
(1 1 1)
(1 1 1)
(1 1 1)
(1 1 1)
(1 1 1)
(1 1 1)
(1 1 1)
(1 1 1)
(1 1 1)
(1 1 1)
(1 1 1)
(1 1 1)
(1 1 1)
(1 1 1)
(1 1 1)
(1 1 1)
(1 1 1)
(1 1 1)
(1 1 1)
(1 1 1)
(1 1 1)
(1 1 1)
(1 1 1)
(1 1 1)
(1 1 1)
(1 1 1)
(1 1 1)
(1 1 1)
(1 1 1)
(1 1 1)
(1 1 1)
(1 1 1)
(1 1 1)
(1 1 1)
(1 1 1)
(1 1 1)
(1 1 1)
(1 1 1)
(1 1 1)
(1 1 1)
(1 1 1)
(1 1 1)
(1 1 1)
(1 1 1)
(1 1 1)
(1 1 1)
(1 1 1)
(1 1 1)
(1 1 1)
(1 1 1)
(1 1 1)
(1 1 1)
(1 1 1)
(1 1 1)
(1 1 1)
(1 1 1)
(1 1 1)
(1 1 1)
(1 1 1)
(1 1 1)
(1 1 1)
(1 1 1)
(1 1 1)
(1 1 1)
(1 1 1)
(1 1 1)
(1 1 1)
(1 1 1)
(1 1 1)
(1 1 1)
(1 1 1)
(1 1 1)
(1 1 1)
(1 1 1)
(1 1 1)
(1 1 1)
(1 1 1)
(1 1 1)
(1 1 1)
(1 1 1)
(1 1 1)
(1 1 1)
(1 1 1)
(1 1 1)
(1 1 1)
(1 1 1)
(1 1 1)
(1 1 1)
(1 1 1)
(1 1 1)
(1 1 1)
(1 1 1)
(1 1 1)
(1 1 1)
(1 1 1)
(1 1 1)
(1 1 1)
(1 1 1)
(1 1 1)
(1 1 1)
(1 1 1)
(1 1 1)
(1 1 1)
(1 1 1)
(1 1 1)
(1 1 1)
(1 1 1)
(1 1 1)
(1 1 1)
(1 1 1)
(1 1 1)
(1 1 1)
(1 1 1)
(1 1 1)
(1 1 1)
(1 1 1)
(1 1 1)
(1 1 1)
(1 1 1)
(1 1 1)
(1 1 1)
(1 1 1)
(1 1 1)
(1 1 1)
(1 1 1)
(1 1 1)
(1 1 1)
(1 1 1)
(1 1 1)
(1 1 1)
(1 1 1)
(1 1 1)
(1 1 1)
(1 1 1)
(1 1 1)
(1 1 1)
(1 1 1)
(1 1 1)
(1 1 1)
(1 1 1)
(1 1 1)
(1 1 1)
(1 1 1)
(1 1 1)
(1 1 1)
(1 1 1)
(1 1 1)
(1 1 1)
(1 1 1)
(1 1 1)
(1 1 1)
(1 1 1)
(1 1 1)
(1 1 1)
(1 1 1)
(1 1 1)
(1 1 1)
(1 1 1)
(1 1 1)
(1 1 1)
(1 1 1)
(1 1 1)
(1 1 1)
(1 1 1)
(1 1 1)
(1 1 1)
(1 1 1)
(1 1 1)
(1 1 1)
(1 1 1)
(1 1 1)
(1 1 1)
(1 1 1)
(1 1 1)
(1 1 1)
(1 1 1)
(1 1 1)
(1 1 1)
(1 1 1)
(1 1 1)
(1 1 1)
(1 1 1)
(1 1 1)
(1 1 1)
(1 1 1)
(1 1 1)
(1 1 1)
(1 1 1)
(1 1 1)
(1 1 1)
(1 1 1)
(1 1 1)
(1 1 1)
(1 1 1)
(1 1 1)
(1 1 1)
(1 1 1)
(1 1 1)
(1 1 1)
(1 1 1)
(1 1 1)
(1 1 1)
(1 1 1)
(1 1 1)
(1 1 1)
(1 1 1)
(1 1 1)
(1 1 1)
(1 1 1)
(1 1 1)
(1 1 1)
(1 1 1)
(1 1 1)
(1 1 1)
(1 1 1)
(1 1 1)
(1 1 1)
(1 1 1)
(1 1 1)
(1 1 1)
(1 1 1)
(1 1 1)
(1 1 1)
(1 1 1)
(1 1 1)
(1 1 1)
(1 1 1)
(1 1 1)
(1 1 1)
(1 1 1)
(1 1 1)
(1 1 1)
(1 1 1)
(1 1 1)
(1 1 1)
(1 1 1)
(1 1 1)
(1 1 1)
(1 1 1)
(1 1 1)
(1 1 1)
(1 1 1)
(1 1 1)
(1 1 1)
(1 1 1)
(1 1 1)
(1 1 1)
(1 1 1)
(1 1 1)
(1 1 1)
(1 1 1)
(1 1 1)
(1 1 1)
(1 1 1)
(1 1 1)
(1 1 1)
(1 1 1)
(1 1 1)
(1 1 1)
(1 1 1)
(1 1 1)
(1 1 1)
(1 1 1)
(1 1 1)
(1 1 1)
(1 1 1)
(1 1 1)
(1 1 1)
(1 1 1)
(1 1 1)
(1 1 1)
(1 1 1)
(1 1 1)
(1 1 1)
(1 1 1)
(1 1 1)
(1 1 1)
(1 1 1)
(1 1 1)
(1 1 1)
(1 1 1)
(1 1 1)
(1 1 1)
(1 1 1)
(1 1 1)
(1 1 1)
(1 1 1)
(1 1 1)
(1 1 1)
(1 1 1)
(1 1 1)
(1 1 1)
(1 1 1)
(1 1 1)
(1 1 1)
(1 1 1)
(1 1 1)
(1 1 1)
(1 1 1)
(1 1 1)
(1 1 1)
(1 1 1)
(1 1 1)
(1 1 1)
(1 1 1)
(1 1 1)
(1 1 1)
(1 1 1)
(1 1 1)
(1 1 1)
(1 1 1)
(1 1 1)
(1 1 1)
(1 1 1)
(1 1 1)
(1 1 1)
(1 1 1)
(1 1 1)
(1 1 1)
(1 1 1)
(1 1 1)
(1 1 1)
(1 1 1)
(1 1 1)
(1 1 1)
(1 1 1)
(1 1 1)
(1 1 1)
(1 1 1)
(1 1 1)
(1 1 1)
(1 1 1)
(1 1 1)
(1 1 1)
(1 1 1)
(1 1 1)
(1 1 1)
(1 1 1)
(1 1 1)
(1 1 1)
(1 1 1)
(1 1 1)
(1 1 1)
(1 1 1)
(1 1 1)
(1 1 1)
(1 1 1)
(1 1 1)
(1 1 1)
(1 1 1)
(1 1 1)
(1 1 1)
(1 1 1)
(1 1 1)
(1 1 1)
(1 1 1)
(1 1 1)
(1 1 1)
(1 1 1)
(1 1 1)
(1 1 1)
(1 1 1)
(1 1 1)
(1 1 1)
(1 1 1)
(1 1 1)
(1 1 1)
(1 1 1)
(1 1 1)
(1 1 1)
(1 1 1)
(1 1 1)
(1 1 1)
(1 1 1)
(1 1 1)
(1 1 1)
(1 1 1)
(1 1 1)
(1 1 1)
(1 1 1)
(1 1 1)
(1 1 1)
(1 1 1)
(1 1 1)
(1 1 1)
(1 1 1)
(1 1 1)
(1 1 1)
(1 1 1)
(1 1 1)
(1 1 1)
(1 1 1)
(1 1 1)
(1 1 1)
(1 1 1)
(1 1 1)
(1 1 1)
(1 1 1)
(1 1 1)
(1 1 1)
(1 1 1)
(1 1 1)
(1 1 1)
(1 1 1)
(1 1 1)
(1 1 1)
(1 1 1)
(1 1 1)
(1 1 1)
(1 1 1)
(1 1 1)
(1 1 1)
(1 1 1)
(1 1 1)
(1 1 1)
(1 1 1)
(1 1 1)
(1 1 1)
(1 1 1)
(1 1 1)
(1 1 1)
(1 1 1)
(1 1 1)
(1 1 1)
(1 1 1)
(1 1 1)
(1 1 1)
(1 1 1)
(1 1 1)
(1 1 1)
(1 1 1)
(1 1 1)
(1 1 1)
(1 1 1)
(1 1 1)
(1 1 1)
(1 1 1)
(1 1 1)
(1 1 1)
(1 1 1)
(1 1 1)
(1 1 1)
(1 1 1)
(1 1 1)
(1 1 1)
(1 1 1)
(1 1 1)
(1 1 1)
(1 1 1)
(1 1 1)
(1 1 1)
(1 1 1)
(1 1 1)
(1 1 1)
(1 1 1)
(1 1 1)
(1 1 1)
(1 1 1)
(1 1 1)
(1 1 1)
(1 1 1)
(1 1 1)
(1 1 1)
(1 1 1)
(1 1 1)
(1 1 1)
(1 1 1)
(1 1 1)
(1 1 1)
(1 1 1)
(1 1 1)
(1 1 1)
(1 1 1)
(1 1 1)
(1 1 1)
(1 1 1)
(1 1 1)
(1 1 1)
(1 1 1)
(1 1 1)
(1 1 1)
(1 1 1)
(1 1 1)
(1 1 1)
(1 1 1)
(1 1 1)
(1 1 1)
(1 1 1)
(1 1 1)
(1 1 1)
(1 1 1)
(1 1 1)
(1 1 1)
(1 1 1)
(1 1 1)
(1 1 1)
(1 1 1)
(1 1 1)
(1 1 1)
(1 1 1)
(1 1 1)
(1 1 1)
(1 1 1)
(1 1 1)
(1 1 1)
(1 1 1)
(1 1 1)
(1 1 1)
(1 1 1)
(1 1 1)
(1 1 1)
(1 1 1)
(1 1 1)
(1 1 1)
(1 1 1)
(1 1 1)
(1 1 1)
(1 1 1)
(1 1 1)
(1 1 1)
(1 1 1)
(1 1 1)
(1 1 1)
(1 1 1)
(1 1 1)
(1 1 1)
(1 1 1)
(1 1 1)
(1 1 1)
(1 1 1)
(1 1 1)
(1 1 1)
(1 1 1)
(1 1 1)
(1 1 1)
(1 1 1)
(1 1 1)
(1 1 1)
(1 1 1)
(1 1 1)
(1 1 1)
(1 1 1)
(1 1 1)
(1 1 1)
(1 1 1)
(1 1 1)
(1 1 1)
(1 1 1)
(1 1 1)
(1 1 1)
(1 1 1)
(1 1 1)
(1 1 1)
(1 1 1)
(1 1 1)
(1 1 1)
(1 1 1)
(1 1 1)
(1 1 1)
(1 1 1)
(1 1 1)
(1 1 1)
(1 1 1)
(1 1 1)
(1 1 1)
(1 1 1)
(1 1 1)
(1 1 1)
(1 1 1)
(1 1 1)
(1 1 1)
(1 1 1)
(1 1 1)
(1 1 1)
(1 1 1)
(1 1 1)
(1 1 1)
(1 1 1)
(1 1 1)
(1 1 1)
(1 1 1)
(1 1 1)
(1 1 1)
(1 1 1)
(1 1 1)
(1 1 1)
)
;

boundaryField
{
    inlet
    {
        type            zeroGradient;
    }
    outlet
    {
        type            zeroGradient;
    }
    wall
    {
        type            zeroGradient;
    }
    axis
    {
        type            empty;
    }
    wedgePatch1
    {
        type            wedge;
    }
    wedgePatch2
    {
        type            wedge;
    }
}


// ************************************************************************* //
